-6.029781341552734375e+01,-7.998969268798828125e+01,-7.980769348144531250e+01,-7.980769348144531250e+01,-7.980769348144531250e+01,-7.974772644042968750e+01,-6.394441986083984375e+01,-6.394441986083984375e+01,-6.394441986083984375e+01,-6.394441986083984375e+01,-6.394441986083984375e+01,-6.394441986083984375e+01,-6.394441986083984375e+01,-6.394441986083984375e+01,-6.394441986083984375e+01,-6.394441986083984375e+01,-6.394441986083984375e+01,-6.394441986083984375e+01,-6.394441986083984375e+01,-6.394441986083984375e+01,-6.394441986083984375e+01,-6.394441986083984375e+01,-6.394441986083984375e+01,-6.394441986083984375e+01,-6.394441986083984375e+01,-6.394441986083984375e+01,-6.394441986083984375e+01,-6.394441986083984375e+01,-6.394441986083984375e+01,-6.394441986083984375e+01,-6.394441986083984375e+01,-6.394441986083984375e+01,-6.394441986083984375e+01,-6.394441986083984375e+01,-6.394441986083984375e+01,-6.394441986083984375e+01,-6.394441986083984375e+01,-6.394441986083984375e+01,-6.394441986083984375e+01,-6.394441986083984375e+01,-6.394441986083984375e+01,-6.394441986083984375e+01,-6.394441986083984375e+01,-6.394441986083984375e+01,-6.394441986083984375e+01,-6.394441986083984375e+01,-6.394441986083984375e+01,-6.394441986083984375e+01,-6.394441986083984375e+01,-6.394441986083984375e+01,-6.394441986083984375e+01,-6.394441986083984375e+01,-6.260165405273437500e+01,-6.260165405273437500e+01,-6.260165405273437500e+01,-6.260165405273437500e+01,-6.260165405273437500e+01,-6.260165405273437500e+01,-6.260165405273437500e+01,-6.260165405273437500e+01,-6.260165405273437500e+01,-6.260165405273437500e+01,-6.260165405273437500e+01,-6.260165405273437500e+01,-6.260165405273437500e+01,-6.260165405273437500e+01,-6.260165405273437500e+01,-5.784086227416992188e+01,-5.123163604736328125e+01,-5.123163604736328125e+01,-5.123163604736328125e+01,-5.123163604736328125e+01,-5.123163604736328125e+01,-5.123163604736328125e+01,-5.123163604736328125e+01,-5.123163604736328125e+01,-5.123163604736328125e+01,-5.123163604736328125e+01,-3.823628997802734375e+01,-2.862782287597656250e+01,-3.613419723510742188e+01,-3.562579727172851562e+01,-3.562579727172851562e+01,-3.562579727172851562e+01,-3.562579727172851562e+01,-3.562579727172851562e+01,-3.562579727172851562e+01,-3.562579727172851562e+01,-3.562579727172851562e+01,-3.562579727172851562e+01,-3.562579727172851562e+01,-4.478828430175781250e+01,-4.478828430175781250e+01,-4.478828430175781250e+01,-4.272058868408203125e+01,-4.272058868408203125e+01,-4.272058868408203125e+01,-4.210585021972656250e+01,-4.210585021972656250e+01,-4.210585021972656250e+01,-4.210585021972656250e+01,-4.015727233886718750e+01,-3.957090377807617188e+01,-3.957090377807617188e+01,-3.957090377807617188e+01,-3.957090377807617188e+01,-3.957090377807617188e+01,-5.046838378906250000e+01,-5.668820190429687500e+01,-5.668820190429687500e+01,-5.668820190429687500e+01,-5.668820190429687500e+01,-5.668820190429687500e+01,-5.668820190429687500e+01,-5.668820190429687500e+01,-5.668820190429687500e+01,-5.668820190429687500e+01,-5.668820190429687500e+01,-5.668820190429687500e+01,-5.668820190429687500e+01,-5.668820190429687500e+01,-5.668820190429687500e+01,-5.668820190429687500e+01,-5.668820190429687500e+01,-5.668820190429687500e+01,-5.668820190429687500e+01,-5.668820190429687500e+01,-5.668820190429687500e+01,-5.668820190429687500e+01,-5.923638916015625000e+01,-6.095456695556640625e+01,-4.921543121337890625e+01,-5.206686782836914062e+01,-4.652603912353515625e+01,-5.085420227050781250e+01,-5.143646240234375000e+01,-5.833772277832031250e+01,-5.830429458618164062e+01,-6.005252075195312500e+01,-6.142307281494140625e+01,-6.149349212646484375e+01,-6.364070129394531250e+01,-6.525202178955078125e+01,-6.653038024902343750e+01,-6.519191741943359375e+01,-6.727846527099609375e+01,-6.742095947265625000e+01,-6.814346313476562500e+01,-6.616630554199218750e+01,-6.830179595947265625e+01,-6.745054626464843750e+01,-6.733343505859375000e+01,-6.565460205078125000e+01,-6.704738616943359375e+01,-7.044578552246093750e+01,-7.101548767089843750e+01,-7.109155273437500000e+01,-7.128971862792968750e+01,-7.123268890380859375e+01,-7.183757781982421875e+01,-7.042798614501953125e+01,-7.053727722167968750e+01,-7.031243896484375000e+01,-7.139764404296875000e+01,-6.991917419433593750e+01,-7.434387207031250000e+01,-7.361213684082031250e+01,-7.228823852539062500e+01,-7.520237731933593750e+01
-6.828155517578125000e+01,-7.998983764648437500e+01,-7.968138885498046875e+01,-7.968138885498046875e+01,-7.968138885498046875e+01,-7.970624542236328125e+01,-7.064591979980468750e+01,-7.064591979980468750e+01,-7.064591979980468750e+01,-7.064591979980468750e+01,-7.064591979980468750e+01,-7.064591979980468750e+01,-7.064591979980468750e+01,-7.064591979980468750e+01,-7.064591979980468750e+01,-7.064591979980468750e+01,-7.064591979980468750e+01,-7.064591979980468750e+01,-7.064591979980468750e+01,-7.064591979980468750e+01,-7.064591979980468750e+01,-7.064591979980468750e+01,-7.064591979980468750e+01,-7.064591979980468750e+01,-7.064591979980468750e+01,-7.064591979980468750e+01,-7.064591979980468750e+01,-7.064591979980468750e+01,-7.064591979980468750e+01,-7.064591979980468750e+01,-7.064591979980468750e+01,-7.064591979980468750e+01,-7.064591979980468750e+01,-7.064591979980468750e+01,-7.064591979980468750e+01,-7.064591979980468750e+01,-7.064591979980468750e+01,-7.064591979980468750e+01,-7.064591979980468750e+01,-7.064591979980468750e+01,-7.064591979980468750e+01,-7.064591979980468750e+01,-7.064591979980468750e+01,-7.064591979980468750e+01,-7.064591979980468750e+01,-7.064591979980468750e+01,-7.064591979980468750e+01,-7.064591979980468750e+01,-7.064591979980468750e+01,-7.064591979980468750e+01,-7.064591979980468750e+01,-7.064591979980468750e+01,-6.312495803833007812e+01,-6.312495803833007812e+01,-6.312495803833007812e+01,-6.312495803833007812e+01,-6.312495803833007812e+01,-6.312495803833007812e+01,-6.312495803833007812e+01,-6.312495803833007812e+01,-6.312495803833007812e+01,-6.312495803833007812e+01,-6.312495803833007812e+01,-6.312495803833007812e+01,-6.312495803833007812e+01,-6.312495803833007812e+01,-6.312495803833007812e+01,-6.660936737060546875e+01,-5.819794082641601562e+01,-5.819794082641601562e+01,-5.819794082641601562e+01,-5.819794082641601562e+01,-5.819794082641601562e+01,-5.819794082641601562e+01,-5.819794082641601562e+01,-5.819794082641601562e+01,-5.819794082641601562e+01,-5.819794082641601562e+01,-6.253007507324218750e+01,-5.246321868896484375e+01,-4.681222152709960938e+01,-5.002369308471679688e+01,-5.002369308471679688e+01,-5.002369308471679688e+01,-5.002369308471679688e+01,-5.002369308471679688e+01,-5.002369308471679688e+01,-5.002369308471679688e+01,-5.002369308471679688e+01,-5.002369308471679688e+01,-5.002369308471679688e+01,-3.767437362670898438e+01,-3.767437362670898438e+01,-3.767437362670898438e+01,-4.271693420410156250e+01,-4.271693420410156250e+01,-4.271693420410156250e+01,-2.241685485839843750e+01,-2.241685485839843750e+01,-2.241685485839843750e+01,-2.241685485839843750e+01,-4.058654403686523438e+01,-2.864597511291503906e+01,-2.864597511291503906e+01,-2.864597511291503906e+01,-2.864597511291503906e+01,-2.864597511291503906e+01,-4.634004592895507812e+01,-5.723032760620117188e+01,-5.723032760620117188e+01,-5.723032760620117188e+01,-5.723032760620117188e+01,-5.723032760620117188e+01,-5.723032760620117188e+01,-5.723032760620117188e+01,-5.723032760620117188e+01,-5.723032760620117188e+01,-5.723032760620117188e+01,-5.723032760620117188e+01,-5.723032760620117188e+01,-5.723032760620117188e+01,-5.723032760620117188e+01,-5.723032760620117188e+01,-5.723032760620117188e+01,-5.723032760620117188e+01,-5.723032760620117188e+01,-5.723032760620117188e+01,-5.723032760620117188e+01,-5.723032760620117188e+01,-5.515796661376953125e+01,-6.015525817871093750e+01,-4.523288726806640625e+01,-5.017242050170898438e+01,-4.217957305908203125e+01,-4.870267486572265625e+01,-4.762495422363281250e+01,-5.523282241821289062e+01,-5.607847595214843750e+01,-5.658379745483398438e+01,-5.746429061889648438e+01,-5.929053497314453125e+01,-5.938650512695312500e+01,-6.187296676635742188e+01,-6.331943893432617188e+01,-6.413491058349609375e+01,-6.429831695556640625e+01,-6.671014404296875000e+01,-6.705918121337890625e+01,-6.778894042968750000e+01,-6.768585205078125000e+01,-6.934755706787109375e+01,-6.875396728515625000e+01,-6.863037872314453125e+01,-6.777714538574218750e+01,-6.805297851562500000e+01,-6.925746917724609375e+01,-6.930035400390625000e+01,-6.974075317382812500e+01,-6.904515075683593750e+01,-7.010920715332031250e+01,-6.915711975097656250e+01,-6.919113159179687500e+01,-6.876986694335937500e+01,-6.984786987304687500e+01,-7.020109558105468750e+01,-7.208463287353515625e+01,-7.364755249023437500e+01,-7.240576171875000000e+01,-7.264927673339843750e+01
-6.749882507324218750e+01,-7.998661041259765625e+01,-7.894022369384765625e+01,-7.894022369384765625e+01,-7.894022369384765625e+01,-7.981909179687500000e+01,-7.068498992919921875e+01,-7.068498992919921875e+01,-7.068498992919921875e+01,-7.068498992919921875e+01,-7.068498992919921875e+01,-7.068498992919921875e+01,-7.068498992919921875e+01,-7.068498992919921875e+01,-7.068498992919921875e+01,-7.068498992919921875e+01,-7.068498992919921875e+01,-7.068498992919921875e+01,-7.068498992919921875e+01,-7.068498992919921875e+01,-7.068498992919921875e+01,-7.068498992919921875e+01,-7.068498992919921875e+01,-7.068498992919921875e+01,-7.068498992919921875e+01,-7.068498992919921875e+01,-7.068498992919921875e+01,-7.068498992919921875e+01,-7.068498992919921875e+01,-7.068498992919921875e+01,-7.068498992919921875e+01,-7.068498992919921875e+01,-7.068498992919921875e+01,-7.068498992919921875e+01,-7.068498992919921875e+01,-7.068498992919921875e+01,-7.068498992919921875e+01,-7.068498992919921875e+01,-7.068498992919921875e+01,-7.068498992919921875e+01,-7.068498992919921875e+01,-7.068498992919921875e+01,-7.068498992919921875e+01,-7.068498992919921875e+01,-7.068498992919921875e+01,-7.068498992919921875e+01,-7.068498992919921875e+01,-7.068498992919921875e+01,-7.068498992919921875e+01,-7.068498992919921875e+01,-7.068498992919921875e+01,-7.068498992919921875e+01,-5.416748046875000000e+01,-5.416748046875000000e+01,-5.416748046875000000e+01,-5.416748046875000000e+01,-5.416748046875000000e+01,-5.416748046875000000e+01,-5.416748046875000000e+01,-5.416748046875000000e+01,-5.416748046875000000e+01,-5.416748046875000000e+01,-5.416748046875000000e+01,-5.416748046875000000e+01,-5.416748046875000000e+01,-5.416748046875000000e+01,-5.416748046875000000e+01,-6.045687484741210938e+01,-3.513759231567382812e+01,-3.513759231567382812e+01,-3.513759231567382812e+01,-3.513759231567382812e+01,-3.513759231567382812e+01,-3.513759231567382812e+01,-3.513759231567382812e+01,-3.513759231567382812e+01,-3.513759231567382812e+01,-3.513759231567382812e+01,-4.704113006591796875e+01,-2.244410705566406250e+01,-2.046329307556152344e+01,-2.074140357971191406e+01,-2.074140357971191406e+01,-2.074140357971191406e+01,-2.074140357971191406e+01,-2.074140357971191406e+01,-2.074140357971191406e+01,-2.074140357971191406e+01,-2.074140357971191406e+01,-2.074140357971191406e+01,-2.074140357971191406e+01,-2.588299560546875000e+01,-2.588299560546875000e+01,-2.588299560546875000e+01,-2.489485359191894531e+01,-2.489485359191894531e+01,-2.489485359191894531e+01,-1.808514595031738281e+01,-1.808514595031738281e+01,-1.808514595031738281e+01,-1.808514595031738281e+01,-2.953724479675292969e+01,-3.005149841308593750e+01,-3.005149841308593750e+01,-3.005149841308593750e+01,-3.005149841308593750e+01,-3.005149841308593750e+01,-3.873015213012695312e+01,-6.423736572265625000e+01,-6.423736572265625000e+01,-6.423736572265625000e+01,-6.423736572265625000e+01,-6.423736572265625000e+01,-6.423736572265625000e+01,-6.423736572265625000e+01,-6.423736572265625000e+01,-6.423736572265625000e+01,-6.423736572265625000e+01,-6.423736572265625000e+01,-6.423736572265625000e+01,-6.423736572265625000e+01,-6.423736572265625000e+01,-6.423736572265625000e+01,-6.423736572265625000e+01,-6.423736572265625000e+01,-6.423736572265625000e+01,-6.423736572265625000e+01,-6.423736572265625000e+01,-6.423736572265625000e+01,-5.110214996337890625e+01,-6.738862609863281250e+01,-4.655993652343750000e+01,-5.812261962890625000e+01,-4.787816619873046875e+01,-5.653446960449218750e+01,-5.484400558471679688e+01,-6.085640335083007812e+01,-6.078897094726562500e+01,-5.975242614746093750e+01,-6.050259780883789062e+01,-5.964875030517578125e+01,-6.072798156738281250e+01,-6.211350631713867188e+01,-6.428951263427734375e+01,-6.420886230468750000e+01,-6.566531372070312500e+01,-6.862362670898437500e+01,-6.891062164306640625e+01,-7.040197753906250000e+01,-7.029050445556640625e+01,-7.287379455566406250e+01,-7.198037719726562500e+01,-7.319215393066406250e+01,-7.215397644042968750e+01,-7.314712524414062500e+01,-7.386830902099609375e+01,-7.331697082519531250e+01,-7.382539367675781250e+01,-7.382710266113281250e+01,-7.444664764404296875e+01,-7.334488677978515625e+01,-7.365633392333984375e+01,-7.434167480468750000e+01,-7.505949401855468750e+01,-7.397116088867187500e+01,-7.650103759765625000e+01,-7.623538208007812500e+01,-7.594963836669921875e+01,-7.741034698486328125e+01
-6.513285827636718750e+01,-7.998707580566406250e+01,-7.988510131835937500e+01,-7.988510131835937500e+01,-7.988510131835937500e+01,-7.990490722656250000e+01,-7.078506469726562500e+01,-7.078506469726562500e+01,-7.078506469726562500e+01,-7.078506469726562500e+01,-7.078506469726562500e+01,-7.078506469726562500e+01,-7.078506469726562500e+01,-7.078506469726562500e+01,-7.078506469726562500e+01,-7.078506469726562500e+01,-7.078506469726562500e+01,-7.078506469726562500e+01,-7.078506469726562500e+01,-7.078506469726562500e+01,-7.078506469726562500e+01,-7.078506469726562500e+01,-7.078506469726562500e+01,-7.078506469726562500e+01,-7.078506469726562500e+01,-7.078506469726562500e+01,-7.078506469726562500e+01,-7.078506469726562500e+01,-7.078506469726562500e+01,-7.078506469726562500e+01,-7.078506469726562500e+01,-7.078506469726562500e+01,-7.078506469726562500e+01,-7.078506469726562500e+01,-7.078506469726562500e+01,-7.078506469726562500e+01,-7.078506469726562500e+01,-7.078506469726562500e+01,-7.078506469726562500e+01,-7.078506469726562500e+01,-7.078506469726562500e+01,-7.078506469726562500e+01,-7.078506469726562500e+01,-7.078506469726562500e+01,-7.078506469726562500e+01,-7.078506469726562500e+01,-7.078506469726562500e+01,-7.078506469726562500e+01,-7.078506469726562500e+01,-7.078506469726562500e+01,-7.078506469726562500e+01,-7.078506469726562500e+01,-5.143518447875976562e+01,-5.143518447875976562e+01,-5.143518447875976562e+01,-5.143518447875976562e+01,-5.143518447875976562e+01,-5.143518447875976562e+01,-5.143518447875976562e+01,-5.143518447875976562e+01,-5.143518447875976562e+01,-5.143518447875976562e+01,-5.143518447875976562e+01,-5.143518447875976562e+01,-5.143518447875976562e+01,-5.143518447875976562e+01,-5.143518447875976562e+01,-5.719278717041015625e+01,-1.502062606811523438e+01,-1.502062606811523438e+01,-1.502062606811523438e+01,-1.502062606811523438e+01,-1.502062606811523438e+01,-1.502062606811523438e+01,-1.502062606811523438e+01,-1.502062606811523438e+01,-1.502062606811523438e+01,-1.502062606811523438e+01,-4.065665435791015625e+01,-1.105991744995117188e+01,-1.192844772338867188e+01,-1.069955062866210938e+01,-1.069955062866210938e+01,-1.069955062866210938e+01,-1.069955062866210938e+01,-1.069955062866210938e+01,-1.069955062866210938e+01,-1.069955062866210938e+01,-1.069955062866210938e+01,-1.069955062866210938e+01,-1.069955062866210938e+01,-2.179825019836425781e+01,-2.179825019836425781e+01,-2.179825019836425781e+01,-1.616707801818847656e+01,-1.616707801818847656e+01,-1.616707801818847656e+01,-2.015740013122558594e+01,-2.015740013122558594e+01,-2.015740013122558594e+01,-2.015740013122558594e+01,-2.112919807434082031e+01,-3.118993759155273438e+01,-3.118993759155273438e+01,-3.118993759155273438e+01,-3.118993759155273438e+01,-3.118993759155273438e+01,-3.362714767456054688e+01,-6.339159011840820312e+01,-6.339159011840820312e+01,-6.339159011840820312e+01,-6.339159011840820312e+01,-6.339159011840820312e+01,-6.339159011840820312e+01,-6.339159011840820312e+01,-6.339159011840820312e+01,-6.339159011840820312e+01,-6.339159011840820312e+01,-6.339159011840820312e+01,-6.339159011840820312e+01,-6.339159011840820312e+01,-6.339159011840820312e+01,-6.339159011840820312e+01,-6.339159011840820312e+01,-6.339159011840820312e+01,-6.339159011840820312e+01,-6.339159011840820312e+01,-6.339159011840820312e+01,-6.339159011840820312e+01,-5.458016967773437500e+01,-6.880271148681640625e+01,-5.116886901855468750e+01,-5.999252319335937500e+01,-5.061896514892578125e+01,-5.829634475708007812e+01,-5.660897064208984375e+01,-6.060151290893554688e+01,-6.227738189697265625e+01,-6.257826995849609375e+01,-6.266070938110351562e+01,-6.429960632324218750e+01,-6.447322845458984375e+01,-6.642803955078125000e+01,-6.809973144531250000e+01,-6.792435455322265625e+01,-6.868353271484375000e+01,-7.028349304199218750e+01,-7.089657592773437500e+01,-7.083358764648437500e+01,-7.085483551025390625e+01,-7.219361114501953125e+01,-7.185844421386718750e+01,-7.213211822509765625e+01,-7.147616577148437500e+01,-7.332768249511718750e+01,-7.373252868652343750e+01,-7.374726867675781250e+01,-7.409621429443359375e+01,-7.433435058593750000e+01,-7.461959075927734375e+01,-7.412513732910156250e+01,-7.453424835205078125e+01,-7.489182281494140625e+01,-7.479818725585937500e+01,-7.457553863525390625e+01,-7.672567749023437500e+01,-7.665296936035156250e+01,-7.649713134765625000e+01,-7.765605163574218750e+01
-7.461126708984375000e+01,-7.995129394531250000e+01,-7.987925720214843750e+01,-7.987925720214843750e+01,-7.987925720214843750e+01,-7.985074615478515625e+01,-7.458598327636718750e+01,-7.458598327636718750e+01,-7.458598327636718750e+01,-7.458598327636718750e+01,-7.458598327636718750e+01,-7.458598327636718750e+01,-7.458598327636718750e+01,-7.458598327636718750e+01,-7.458598327636718750e+01,-7.458598327636718750e+01,-7.458598327636718750e+01,-7.458598327636718750e+01,-7.458598327636718750e+01,-7.458598327636718750e+01,-7.458598327636718750e+01,-7.458598327636718750e+01,-7.458598327636718750e+01,-7.458598327636718750e+01,-7.458598327636718750e+01,-7.458598327636718750e+01,-7.458598327636718750e+01,-7.458598327636718750e+01,-7.458598327636718750e+01,-7.458598327636718750e+01,-7.458598327636718750e+01,-7.458598327636718750e+01,-7.458598327636718750e+01,-7.458598327636718750e+01,-7.458598327636718750e+01,-7.458598327636718750e+01,-7.458598327636718750e+01,-7.458598327636718750e+01,-7.458598327636718750e+01,-7.458598327636718750e+01,-7.458598327636718750e+01,-7.458598327636718750e+01,-7.458598327636718750e+01,-7.458598327636718750e+01,-7.458598327636718750e+01,-7.458598327636718750e+01,-7.458598327636718750e+01,-7.458598327636718750e+01,-7.458598327636718750e+01,-7.458598327636718750e+01,-7.458598327636718750e+01,-7.458598327636718750e+01,-4.678673934936523438e+01,-4.678673934936523438e+01,-4.678673934936523438e+01,-4.678673934936523438e+01,-4.678673934936523438e+01,-4.678673934936523438e+01,-4.678673934936523438e+01,-4.678673934936523438e+01,-4.678673934936523438e+01,-4.678673934936523438e+01,-4.678673934936523438e+01,-4.678673934936523438e+01,-4.678673934936523438e+01,-4.678673934936523438e+01,-4.678673934936523438e+01,-6.136679840087890625e+01,-1.979211807250976562e+01,-1.979211807250976562e+01,-1.979211807250976562e+01,-1.979211807250976562e+01,-1.979211807250976562e+01,-1.979211807250976562e+01,-1.979211807250976562e+01,-1.979211807250976562e+01,-1.979211807250976562e+01,-1.979211807250976562e+01,-4.553157424926757812e+01,-1.139878845214843750e+01,-1.327390670776367188e+01,-1.379031181335449219e+01,-1.379031181335449219e+01,-1.379031181335449219e+01,-1.379031181335449219e+01,-1.379031181335449219e+01,-1.379031181335449219e+01,-1.379031181335449219e+01,-1.379031181335449219e+01,-1.379031181335449219e+01,-1.379031181335449219e+01,-2.059887886047363281e+01,-2.059887886047363281e+01,-2.059887886047363281e+01,-1.557598495483398438e+01,-1.557598495483398438e+01,-1.557598495483398438e+01,-1.909040451049804688e+01,-1.909040451049804688e+01,-1.909040451049804688e+01,-1.909040451049804688e+01,-1.748719787597656250e+01,-2.437940788269042969e+01,-2.437940788269042969e+01,-2.437940788269042969e+01,-2.437940788269042969e+01,-2.437940788269042969e+01,-3.408769226074218750e+01,-6.106411743164062500e+01,-6.106411743164062500e+01,-6.106411743164062500e+01,-6.106411743164062500e+01,-6.106411743164062500e+01,-6.106411743164062500e+01,-6.106411743164062500e+01,-6.106411743164062500e+01,-6.106411743164062500e+01,-6.106411743164062500e+01,-6.106411743164062500e+01,-6.106411743164062500e+01,-6.106411743164062500e+01,-6.106411743164062500e+01,-6.106411743164062500e+01,-6.106411743164062500e+01,-6.106411743164062500e+01,-6.106411743164062500e+01,-6.106411743164062500e+01,-6.106411743164062500e+01,-6.106411743164062500e+01,-5.738601684570312500e+01,-6.604508972167968750e+01,-5.277510833740234375e+01,-5.498190307617187500e+01,-4.991904449462890625e+01,-5.360523605346679688e+01,-5.420530319213867188e+01,-5.490417098999023438e+01,-5.511717224121093750e+01,-5.613105010986328125e+01,-5.954074478149414062e+01,-6.077308654785156250e+01,-6.299798583984375000e+01,-6.636337280273437500e+01,-6.902232360839843750e+01,-6.916670989990234375e+01,-7.058699035644531250e+01,-7.240654754638671875e+01,-7.332752990722656250e+01,-7.319639587402343750e+01,-7.345002746582031250e+01,-7.429578399658203125e+01,-7.401639556884765625e+01,-7.414674377441406250e+01,-7.352435302734375000e+01,-7.314550781250000000e+01,-7.395320129394531250e+01,-7.366960144042968750e+01,-7.482518005371093750e+01,-7.439807128906250000e+01,-7.508654785156250000e+01,-7.462318420410156250e+01,-7.537753295898437500e+01,-7.519580078125000000e+01,-7.546127319335937500e+01,-7.587137603759765625e+01,-7.713993835449218750e+01,-7.779647064208984375e+01,-7.787632751464843750e+01,-7.761171722412109375e+01
-7.993652343750000000e+01,-7.998900604248046875e+01,-7.994296264648437500e+01,-7.994296264648437500e+01,-7.994296264648437500e+01,-7.992308807373046875e+01,-7.857319641113281250e+01,-7.857319641113281250e+01,-7.857319641113281250e+01,-7.857319641113281250e+01,-7.857319641113281250e+01,-7.857319641113281250e+01,-7.857319641113281250e+01,-7.857319641113281250e+01,-7.857319641113281250e+01,-7.857319641113281250e+01,-7.857319641113281250e+01,-7.857319641113281250e+01,-7.857319641113281250e+01,-7.857319641113281250e+01,-7.857319641113281250e+01,-7.857319641113281250e+01,-7.857319641113281250e+01,-7.857319641113281250e+01,-7.857319641113281250e+01,-7.857319641113281250e+01,-7.857319641113281250e+01,-7.857319641113281250e+01,-7.857319641113281250e+01,-7.857319641113281250e+01,-7.857319641113281250e+01,-7.857319641113281250e+01,-7.857319641113281250e+01,-7.857319641113281250e+01,-7.857319641113281250e+01,-7.857319641113281250e+01,-7.857319641113281250e+01,-7.857319641113281250e+01,-7.857319641113281250e+01,-7.857319641113281250e+01,-7.857319641113281250e+01,-7.857319641113281250e+01,-7.857319641113281250e+01,-7.857319641113281250e+01,-7.857319641113281250e+01,-7.857319641113281250e+01,-7.857319641113281250e+01,-7.857319641113281250e+01,-7.857319641113281250e+01,-7.857319641113281250e+01,-7.857319641113281250e+01,-7.857319641113281250e+01,-6.183842468261718750e+01,-6.183842468261718750e+01,-6.183842468261718750e+01,-6.183842468261718750e+01,-6.183842468261718750e+01,-6.183842468261718750e+01,-6.183842468261718750e+01,-6.183842468261718750e+01,-6.183842468261718750e+01,-6.183842468261718750e+01,-6.183842468261718750e+01,-6.183842468261718750e+01,-6.183842468261718750e+01,-6.183842468261718750e+01,-6.183842468261718750e+01,-6.672306060791015625e+01,-4.593849182128906250e+01,-4.593849182128906250e+01,-4.593849182128906250e+01,-4.593849182128906250e+01,-4.593849182128906250e+01,-4.593849182128906250e+01,-4.593849182128906250e+01,-4.593849182128906250e+01,-4.593849182128906250e+01,-4.593849182128906250e+01,-4.858640289306640625e+01,-3.664761734008789062e+01,-3.377164077758789062e+01,-5.104673767089843750e+01,-5.104673767089843750e+01,-5.104673767089843750e+01,-5.104673767089843750e+01,-5.104673767089843750e+01,-5.104673767089843750e+01,-5.104673767089843750e+01,-5.104673767089843750e+01,-5.104673767089843750e+01,-5.104673767089843750e+01,-3.186948776245117188e+01,-3.186948776245117188e+01,-3.186948776245117188e+01,-3.621017074584960938e+01,-3.621017074584960938e+01,-3.621017074584960938e+01,-2.416472625732421875e+01,-2.416472625732421875e+01,-2.416472625732421875e+01,-2.416472625732421875e+01,-2.229857826232910156e+01,-2.706976509094238281e+01,-2.706976509094238281e+01,-2.706976509094238281e+01,-2.706976509094238281e+01,-2.706976509094238281e+01,-3.220167541503906250e+01,-6.493432617187500000e+01,-6.493432617187500000e+01,-6.493432617187500000e+01,-6.493432617187500000e+01,-6.493432617187500000e+01,-6.493432617187500000e+01,-6.493432617187500000e+01,-6.493432617187500000e+01,-6.493432617187500000e+01,-6.493432617187500000e+01,-6.493432617187500000e+01,-6.493432617187500000e+01,-6.493432617187500000e+01,-6.493432617187500000e+01,-6.493432617187500000e+01,-6.493432617187500000e+01,-6.493432617187500000e+01,-6.493432617187500000e+01,-6.493432617187500000e+01,-6.493432617187500000e+01,-6.493432617187500000e+01,-5.408673095703125000e+01,-6.841088104248046875e+01,-5.240438079833984375e+01,-6.292049407958984375e+01,-5.556527709960937500e+01,-6.106793212890625000e+01,-6.088790130615234375e+01,-6.196973800659179688e+01,-6.327967834472656250e+01,-6.283859252929687500e+01,-6.330094146728515625e+01,-6.551113891601562500e+01,-6.505499267578125000e+01,-6.779113769531250000e+01,-6.869569396972656250e+01,-7.050321960449218750e+01,-7.037867736816406250e+01,-7.262689971923828125e+01,-7.324728393554687500e+01,-7.419656372070312500e+01,-7.399580383300781250e+01,-7.508682250976562500e+01,-7.504212951660156250e+01,-7.581439208984375000e+01,-7.516062164306640625e+01,-7.558684539794921875e+01,-7.640505981445312500e+01,-7.610593414306640625e+01,-7.678103637695312500e+01,-7.630469512939453125e+01,-7.705716705322265625e+01,-7.667852783203125000e+01,-7.751232910156250000e+01,-7.683546447753906250e+01,-7.747537231445312500e+01,-7.764160156250000000e+01,-7.847282409667968750e+01,-7.883351135253906250e+01,-7.905418395996093750e+01,-7.871745300292968750e+01
-6.939682006835937500e+01,-7.998466491699218750e+01,-7.978161621093750000e+01,-7.978161621093750000e+01,-7.978161621093750000e+01,-7.985404968261718750e+01,-7.749411773681640625e+01,-7.749411773681640625e+01,-7.749411773681640625e+01,-7.749411773681640625e+01,-7.749411773681640625e+01,-7.749411773681640625e+01,-7.749411773681640625e+01,-7.749411773681640625e+01,-7.749411773681640625e+01,-7.749411773681640625e+01,-7.749411773681640625e+01,-7.749411773681640625e+01,-7.749411773681640625e+01,-7.749411773681640625e+01,-7.749411773681640625e+01,-7.749411773681640625e+01,-7.749411773681640625e+01,-7.749411773681640625e+01,-7.749411773681640625e+01,-7.749411773681640625e+01,-7.749411773681640625e+01,-7.749411773681640625e+01,-7.749411773681640625e+01,-7.749411773681640625e+01,-7.749411773681640625e+01,-7.749411773681640625e+01,-7.749411773681640625e+01,-7.749411773681640625e+01,-7.749411773681640625e+01,-7.749411773681640625e+01,-7.749411773681640625e+01,-7.749411773681640625e+01,-7.749411773681640625e+01,-7.749411773681640625e+01,-7.749411773681640625e+01,-7.749411773681640625e+01,-7.749411773681640625e+01,-7.749411773681640625e+01,-7.749411773681640625e+01,-7.749411773681640625e+01,-7.749411773681640625e+01,-7.749411773681640625e+01,-7.749411773681640625e+01,-7.749411773681640625e+01,-7.749411773681640625e+01,-7.749411773681640625e+01,-6.160383605957031250e+01,-6.160383605957031250e+01,-6.160383605957031250e+01,-6.160383605957031250e+01,-6.160383605957031250e+01,-6.160383605957031250e+01,-6.160383605957031250e+01,-6.160383605957031250e+01,-6.160383605957031250e+01,-6.160383605957031250e+01,-6.160383605957031250e+01,-6.160383605957031250e+01,-6.160383605957031250e+01,-6.160383605957031250e+01,-6.160383605957031250e+01,-6.289128494262695312e+01,-4.220676040649414062e+01,-4.220676040649414062e+01,-4.220676040649414062e+01,-4.220676040649414062e+01,-4.220676040649414062e+01,-4.220676040649414062e+01,-4.220676040649414062e+01,-4.220676040649414062e+01,-4.220676040649414062e+01,-4.220676040649414062e+01,-4.866350555419921875e+01,-3.925470733642578125e+01,-3.145361518859863281e+01,-4.815811920166015625e+01,-4.815811920166015625e+01,-4.815811920166015625e+01,-4.815811920166015625e+01,-4.815811920166015625e+01,-4.815811920166015625e+01,-4.815811920166015625e+01,-4.815811920166015625e+01,-4.815811920166015625e+01,-4.815811920166015625e+01,-2.679200363159179688e+01,-2.679200363159179688e+01,-2.679200363159179688e+01,-3.613351821899414062e+01,-3.613351821899414062e+01,-3.613351821899414062e+01,-2.330273437500000000e+01,-2.330273437500000000e+01,-2.330273437500000000e+01,-2.330273437500000000e+01,-3.017336273193359375e+01,-3.433956909179687500e+01,-3.433956909179687500e+01,-3.433956909179687500e+01,-3.433956909179687500e+01,-3.433956909179687500e+01,-3.065787315368652344e+01,-6.551074218750000000e+01,-6.551074218750000000e+01,-6.551074218750000000e+01,-6.551074218750000000e+01,-6.551074218750000000e+01,-6.551074218750000000e+01,-6.551074218750000000e+01,-6.551074218750000000e+01,-6.551074218750000000e+01,-6.551074218750000000e+01,-6.551074218750000000e+01,-6.551074218750000000e+01,-6.551074218750000000e+01,-6.551074218750000000e+01,-6.551074218750000000e+01,-6.551074218750000000e+01,-6.551074218750000000e+01,-6.551074218750000000e+01,-6.551074218750000000e+01,-6.551074218750000000e+01,-6.551074218750000000e+01,-4.501654434204101562e+01,-6.484149169921875000e+01,-4.372187805175781250e+01,-5.468094635009765625e+01,-4.908809661865234375e+01,-5.625686264038085938e+01,-5.615972137451171875e+01,-6.174287414550781250e+01,-6.173164749145507812e+01,-6.230110931396484375e+01,-6.241985321044921875e+01,-6.273082351684570312e+01,-6.378858184814453125e+01,-6.522347259521484375e+01,-6.685339355468750000e+01,-6.721993255615234375e+01,-6.864624023437500000e+01,-7.038629913330078125e+01,-7.164436340332031250e+01,-7.181013488769531250e+01,-7.273812866210937500e+01,-7.356008911132812500e+01,-7.408531188964843750e+01,-7.412484741210937500e+01,-7.479502868652343750e+01,-7.503234863281250000e+01,-7.491198730468750000e+01,-7.500338745117187500e+01,-7.521342468261718750e+01,-7.579306030273437500e+01,-7.590704345703125000e+01,-7.596327209472656250e+01,-7.618025207519531250e+01,-7.686165618896484375e+01,-7.647771453857421875e+01,-7.670568847656250000e+01,-7.756012725830078125e+01,-7.777185058593750000e+01,-7.805043792724609375e+01,-7.884772491455078125e+01
-7.887815856933593750e+01,-7.710690307617187500e+01,-7.900710296630859375e+01,-7.900710296630859375e+01,-7.900710296630859375e+01,-7.942565155029296875e+01,-7.056168365478515625e+01,-7.056168365478515625e+01,-7.056168365478515625e+01,-7.056168365478515625e+01,-7.056168365478515625e+01,-7.056168365478515625e+01,-7.056168365478515625e+01,-7.056168365478515625e+01,-7.056168365478515625e+01,-7.056168365478515625e+01,-7.056168365478515625e+01,-7.056168365478515625e+01,-7.056168365478515625e+01,-7.056168365478515625e+01,-7.056168365478515625e+01,-7.056168365478515625e+01,-7.056168365478515625e+01,-7.056168365478515625e+01,-7.056168365478515625e+01,-7.056168365478515625e+01,-7.056168365478515625e+01,-7.056168365478515625e+01,-7.056168365478515625e+01,-7.056168365478515625e+01,-7.056168365478515625e+01,-7.056168365478515625e+01,-7.056168365478515625e+01,-7.056168365478515625e+01,-7.056168365478515625e+01,-7.056168365478515625e+01,-7.056168365478515625e+01,-7.056168365478515625e+01,-7.056168365478515625e+01,-7.056168365478515625e+01,-7.056168365478515625e+01,-7.056168365478515625e+01,-7.056168365478515625e+01,-7.056168365478515625e+01,-7.056168365478515625e+01,-7.056168365478515625e+01,-7.056168365478515625e+01,-7.056168365478515625e+01,-7.056168365478515625e+01,-7.056168365478515625e+01,-7.056168365478515625e+01,-7.056168365478515625e+01,-4.350686264038085938e+01,-4.350686264038085938e+01,-4.350686264038085938e+01,-4.350686264038085938e+01,-4.350686264038085938e+01,-4.350686264038085938e+01,-4.350686264038085938e+01,-4.350686264038085938e+01,-4.350686264038085938e+01,-4.350686264038085938e+01,-4.350686264038085938e+01,-4.350686264038085938e+01,-4.350686264038085938e+01,-4.350686264038085938e+01,-4.350686264038085938e+01,-5.525964736938476562e+01,-1.725552558898925781e+01,-1.725552558898925781e+01,-1.725552558898925781e+01,-1.725552558898925781e+01,-1.725552558898925781e+01,-1.725552558898925781e+01,-1.725552558898925781e+01,-1.725552558898925781e+01,-1.725552558898925781e+01,-1.725552558898925781e+01,-2.901994132995605469e+01,-1.142505455017089844e+01,-1.124607467651367188e+01,-1.009301757812500000e+01,-1.009301757812500000e+01,-1.009301757812500000e+01,-1.009301757812500000e+01,-1.009301757812500000e+01,-1.009301757812500000e+01,-1.009301757812500000e+01,-1.009301757812500000e+01,-1.009301757812500000e+01,-1.009301757812500000e+01,-1.706206321716308594e+01,-1.706206321716308594e+01,-1.706206321716308594e+01,-1.582403945922851562e+01,-1.582403945922851562e+01,-1.582403945922851562e+01,-2.089296722412109375e+01,-2.089296722412109375e+01,-2.089296722412109375e+01,-2.089296722412109375e+01,-2.564099121093750000e+01,-3.649895858764648438e+01,-3.649895858764648438e+01,-3.649895858764648438e+01,-3.649895858764648438e+01,-3.649895858764648438e+01,-3.609821701049804688e+01,-6.369518661499023438e+01,-6.369518661499023438e+01,-6.369518661499023438e+01,-6.369518661499023438e+01,-6.369518661499023438e+01,-6.369518661499023438e+01,-6.369518661499023438e+01,-6.369518661499023438e+01,-6.369518661499023438e+01,-6.369518661499023438e+01,-6.369518661499023438e+01,-6.369518661499023438e+01,-6.369518661499023438e+01,-6.369518661499023438e+01,-6.369518661499023438e+01,-6.369518661499023438e+01,-6.369518661499023438e+01,-6.369518661499023438e+01,-6.369518661499023438e+01,-6.369518661499023438e+01,-6.369518661499023438e+01,-4.280359649658203125e+01,-5.970247650146484375e+01,-3.285430145263671875e+01,-4.169938659667968750e+01,-3.357247924804687500e+01,-4.131027221679687500e+01,-4.203495407104492188e+01,-5.345177459716796875e+01,-5.425536727905273438e+01,-5.632683944702148438e+01,-5.799849319458007812e+01,-6.033100128173828125e+01,-6.145856475830078125e+01,-6.335887908935546875e+01,-6.539994812011718750e+01,-6.586927795410156250e+01,-6.744803619384765625e+01,-6.875811004638671875e+01,-6.946670532226562500e+01,-6.992851257324218750e+01,-7.081022644042968750e+01,-7.107279968261718750e+01,-7.152127838134765625e+01,-7.183550262451171875e+01,-7.254891967773437500e+01,-7.166577148437500000e+01,-7.085166931152343750e+01,-7.123492431640625000e+01,-7.065641021728515625e+01,-7.230084228515625000e+01,-7.166021728515625000e+01,-7.264845275878906250e+01,-7.254849243164062500e+01,-7.476239013671875000e+01,-7.413303375244140625e+01,-7.468768310546875000e+01,-7.502616882324218750e+01,-7.503874206542968750e+01,-7.589127349853515625e+01,-7.764228057861328125e+01
-7.965979003906250000e+01,-7.902366638183593750e+01,-7.828321838378906250e+01,-7.828321838378906250e+01,-7.828321838378906250e+01,-7.990921783447265625e+01,-7.402154541015625000e+01,-7.402154541015625000e+01,-7.402154541015625000e+01,-7.402154541015625000e+01,-7.402154541015625000e+01,-7.402154541015625000e+01,-7.402154541015625000e+01,-7.402154541015625000e+01,-7.402154541015625000e+01,-7.402154541015625000e+01,-7.402154541015625000e+01,-7.402154541015625000e+01,-7.402154541015625000e+01,-7.402154541015625000e+01,-7.402154541015625000e+01,-7.402154541015625000e+01,-7.402154541015625000e+01,-7.402154541015625000e+01,-7.402154541015625000e+01,-7.402154541015625000e+01,-7.402154541015625000e+01,-7.402154541015625000e+01,-7.402154541015625000e+01,-7.402154541015625000e+01,-7.402154541015625000e+01,-7.402154541015625000e+01,-7.402154541015625000e+01,-7.402154541015625000e+01,-7.402154541015625000e+01,-7.402154541015625000e+01,-7.402154541015625000e+01,-7.402154541015625000e+01,-7.402154541015625000e+01,-7.402154541015625000e+01,-7.402154541015625000e+01,-7.402154541015625000e+01,-7.402154541015625000e+01,-7.402154541015625000e+01,-7.402154541015625000e+01,-7.402154541015625000e+01,-7.402154541015625000e+01,-7.402154541015625000e+01,-7.402154541015625000e+01,-7.402154541015625000e+01,-7.402154541015625000e+01,-7.402154541015625000e+01,-3.944432449340820312e+01,-3.944432449340820312e+01,-3.944432449340820312e+01,-3.944432449340820312e+01,-3.944432449340820312e+01,-3.944432449340820312e+01,-3.944432449340820312e+01,-3.944432449340820312e+01,-3.944432449340820312e+01,-3.944432449340820312e+01,-3.944432449340820312e+01,-3.944432449340820312e+01,-3.944432449340820312e+01,-3.944432449340820312e+01,-3.944432449340820312e+01,-4.776341247558593750e+01,-8.047500610351562500e+00,-8.047500610351562500e+00,-8.047500610351562500e+00,-8.047500610351562500e+00,-8.047500610351562500e+00,-8.047500610351562500e+00,-8.047500610351562500e+00,-8.047500610351562500e+00,-8.047500610351562500e+00,-8.047500610351562500e+00,-2.584548187255859375e+01,-4.065582275390625000e+00,-7.041641235351562500e+00,-2.547092437744140625e+00,-2.547092437744140625e+00,-2.547092437744140625e+00,-2.547092437744140625e+00,-2.547092437744140625e+00,-2.547092437744140625e+00,-2.547092437744140625e+00,-2.547092437744140625e+00,-2.547092437744140625e+00,-2.547092437744140625e+00,-1.677208328247070312e+01,-1.677208328247070312e+01,-1.677208328247070312e+01,-5.394065856933593750e+00,-5.394065856933593750e+00,-5.394065856933593750e+00,-2.174723815917968750e+01,-2.174723815917968750e+01,-2.174723815917968750e+01,-2.174723815917968750e+01,-1.339922904968261719e+01,-3.764423751831054688e+01,-3.764423751831054688e+01,-3.764423751831054688e+01,-3.764423751831054688e+01,-3.764423751831054688e+01,-2.817098236083984375e+01,-6.499264526367187500e+01,-6.499264526367187500e+01,-6.499264526367187500e+01,-6.499264526367187500e+01,-6.499264526367187500e+01,-6.499264526367187500e+01,-6.499264526367187500e+01,-6.499264526367187500e+01,-6.499264526367187500e+01,-6.499264526367187500e+01,-6.499264526367187500e+01,-6.499264526367187500e+01,-6.499264526367187500e+01,-6.499264526367187500e+01,-6.499264526367187500e+01,-6.499264526367187500e+01,-6.499264526367187500e+01,-6.499264526367187500e+01,-6.499264526367187500e+01,-6.499264526367187500e+01,-6.499264526367187500e+01,-4.424310302734375000e+01,-6.050710296630859375e+01,-3.817852020263671875e+01,-3.860544586181640625e+01,-3.382630538940429688e+01,-3.876954650878906250e+01,-4.025066375732421875e+01,-5.092029571533203125e+01,-5.144748687744140625e+01,-5.274486541748046875e+01,-5.548414230346679688e+01,-5.549032211303710938e+01,-5.756614685058593750e+01,-5.934616851806640625e+01,-6.242113113403320312e+01,-6.233177185058593750e+01,-6.516250610351562500e+01,-6.617381286621093750e+01,-6.738861083984375000e+01,-6.781948089599609375e+01,-6.925111389160156250e+01,-6.926058959960937500e+01,-6.983844757080078125e+01,-6.988200378417968750e+01,-7.027680969238281250e+01,-6.723429107666015625e+01,-6.788973999023437500e+01,-6.684298706054687500e+01,-6.827454376220703125e+01,-6.893209838867187500e+01,-6.993646240234375000e+01,-6.942684936523437500e+01,-7.113040161132812500e+01,-7.241102600097656250e+01,-7.295509338378906250e+01,-7.313430786132812500e+01,-7.578065490722656250e+01,-7.542486572265625000e+01,-7.554222106933593750e+01,-7.713150024414062500e+01
-7.974020385742187500e+01,-7.880738067626953125e+01,-7.907855224609375000e+01,-7.907855224609375000e+01,-7.907855224609375000e+01,-7.992240905761718750e+01,-7.818412780761718750e+01,-7.818412780761718750e+01,-7.818412780761718750e+01,-7.818412780761718750e+01,-7.818412780761718750e+01,-7.818412780761718750e+01,-7.818412780761718750e+01,-7.818412780761718750e+01,-7.818412780761718750e+01,-7.818412780761718750e+01,-7.818412780761718750e+01,-7.818412780761718750e+01,-7.818412780761718750e+01,-7.818412780761718750e+01,-7.818412780761718750e+01,-7.818412780761718750e+01,-7.818412780761718750e+01,-7.818412780761718750e+01,-7.818412780761718750e+01,-7.818412780761718750e+01,-7.818412780761718750e+01,-7.818412780761718750e+01,-7.818412780761718750e+01,-7.818412780761718750e+01,-7.818412780761718750e+01,-7.818412780761718750e+01,-7.818412780761718750e+01,-7.818412780761718750e+01,-7.818412780761718750e+01,-7.818412780761718750e+01,-7.818412780761718750e+01,-7.818412780761718750e+01,-7.818412780761718750e+01,-7.818412780761718750e+01,-7.818412780761718750e+01,-7.818412780761718750e+01,-7.818412780761718750e+01,-7.818412780761718750e+01,-7.818412780761718750e+01,-7.818412780761718750e+01,-7.818412780761718750e+01,-7.818412780761718750e+01,-7.818412780761718750e+01,-7.818412780761718750e+01,-7.818412780761718750e+01,-7.818412780761718750e+01,-5.003270721435546875e+01,-5.003270721435546875e+01,-5.003270721435546875e+01,-5.003270721435546875e+01,-5.003270721435546875e+01,-5.003270721435546875e+01,-5.003270721435546875e+01,-5.003270721435546875e+01,-5.003270721435546875e+01,-5.003270721435546875e+01,-5.003270721435546875e+01,-5.003270721435546875e+01,-5.003270721435546875e+01,-5.003270721435546875e+01,-5.003270721435546875e+01,-5.072400665283203125e+01,-1.911162567138671875e+01,-1.911162567138671875e+01,-1.911162567138671875e+01,-1.911162567138671875e+01,-1.911162567138671875e+01,-1.911162567138671875e+01,-1.911162567138671875e+01,-1.911162567138671875e+01,-1.911162567138671875e+01,-1.911162567138671875e+01,-3.701067352294921875e+01,-1.289749526977539062e+01,-1.577256202697753906e+01,-1.029205322265625000e+01,-1.029205322265625000e+01,-1.029205322265625000e+01,-1.029205322265625000e+01,-1.029205322265625000e+01,-1.029205322265625000e+01,-1.029205322265625000e+01,-1.029205322265625000e+01,-1.029205322265625000e+01,-1.029205322265625000e+01,-2.074488639831542969e+01,-2.074488639831542969e+01,-2.074488639831542969e+01,-1.370191955566406250e+01,-1.370191955566406250e+01,-1.370191955566406250e+01,-2.575534439086914062e+01,-2.575534439086914062e+01,-2.575534439086914062e+01,-2.575534439086914062e+01,-1.753706359863281250e+01,-3.655877685546875000e+01,-3.655877685546875000e+01,-3.655877685546875000e+01,-3.655877685546875000e+01,-3.655877685546875000e+01,-2.526744270324707031e+01,-6.480133056640625000e+01,-6.480133056640625000e+01,-6.480133056640625000e+01,-6.480133056640625000e+01,-6.480133056640625000e+01,-6.480133056640625000e+01,-6.480133056640625000e+01,-6.480133056640625000e+01,-6.480133056640625000e+01,-6.480133056640625000e+01,-6.480133056640625000e+01,-6.480133056640625000e+01,-6.480133056640625000e+01,-6.480133056640625000e+01,-6.480133056640625000e+01,-6.480133056640625000e+01,-6.480133056640625000e+01,-6.480133056640625000e+01,-6.480133056640625000e+01,-6.480133056640625000e+01,-6.480133056640625000e+01,-4.279241943359375000e+01,-6.286080932617187500e+01,-3.773050308227539062e+01,-4.362088012695312500e+01,-3.402405548095703125e+01,-3.814131546020507812e+01,-3.720673370361328125e+01,-4.433860778808593750e+01,-4.595594024658203125e+01,-4.767560577392578125e+01,-4.901631164550781250e+01,-5.083354949951171875e+01,-5.264575958251953125e+01,-5.415775680541992188e+01,-5.776810073852539062e+01,-5.911964416503906250e+01,-6.238535308837890625e+01,-6.355428695678710938e+01,-6.611169433593750000e+01,-6.713127136230468750e+01,-6.930470275878906250e+01,-6.932668304443359375e+01,-7.110646057128906250e+01,-7.127094268798828125e+01,-7.193858337402343750e+01,-7.033273315429687500e+01,-7.071327972412109375e+01,-7.060952758789062500e+01,-7.097436523437500000e+01,-7.124556732177734375e+01,-7.204983520507812500e+01,-7.272575378417968750e+01,-7.357261657714843750e+01,-7.392900085449218750e+01,-7.412138366699218750e+01,-7.532144165039062500e+01,-7.539468383789062500e+01,-7.648828125000000000e+01,-7.661889648437500000e+01,-7.744371032714843750e+01
-7.996998596191406250e+01,-7.988049316406250000e+01,-7.904100036621093750e+01,-7.904100036621093750e+01,-7.904100036621093750e+01,-7.968894195556640625e+01,-7.904692840576171875e+01,-7.904692840576171875e+01,-7.904692840576171875e+01,-7.904692840576171875e+01,-7.904692840576171875e+01,-7.904692840576171875e+01,-7.904692840576171875e+01,-7.904692840576171875e+01,-7.904692840576171875e+01,-7.904692840576171875e+01,-7.904692840576171875e+01,-7.904692840576171875e+01,-7.904692840576171875e+01,-7.904692840576171875e+01,-7.904692840576171875e+01,-7.904692840576171875e+01,-7.904692840576171875e+01,-7.904692840576171875e+01,-7.904692840576171875e+01,-7.904692840576171875e+01,-7.904692840576171875e+01,-7.904692840576171875e+01,-7.904692840576171875e+01,-7.904692840576171875e+01,-7.904692840576171875e+01,-7.904692840576171875e+01,-7.904692840576171875e+01,-7.904692840576171875e+01,-7.904692840576171875e+01,-7.904692840576171875e+01,-7.904692840576171875e+01,-7.904692840576171875e+01,-7.904692840576171875e+01,-7.904692840576171875e+01,-7.904692840576171875e+01,-7.904692840576171875e+01,-7.904692840576171875e+01,-7.904692840576171875e+01,-7.904692840576171875e+01,-7.904692840576171875e+01,-7.904692840576171875e+01,-7.904692840576171875e+01,-7.904692840576171875e+01,-7.904692840576171875e+01,-7.904692840576171875e+01,-7.904692840576171875e+01,-5.428964233398437500e+01,-5.428964233398437500e+01,-5.428964233398437500e+01,-5.428964233398437500e+01,-5.428964233398437500e+01,-5.428964233398437500e+01,-5.428964233398437500e+01,-5.428964233398437500e+01,-5.428964233398437500e+01,-5.428964233398437500e+01,-5.428964233398437500e+01,-5.428964233398437500e+01,-5.428964233398437500e+01,-5.428964233398437500e+01,-5.428964233398437500e+01,-5.279606628417968750e+01,-3.952570343017578125e+01,-3.952570343017578125e+01,-3.952570343017578125e+01,-3.952570343017578125e+01,-3.952570343017578125e+01,-3.952570343017578125e+01,-3.952570343017578125e+01,-3.952570343017578125e+01,-3.952570343017578125e+01,-3.952570343017578125e+01,-5.302269744873046875e+01,-3.268476486206054688e+01,-3.205005645751953125e+01,-3.614456558227539062e+01,-3.614456558227539062e+01,-3.614456558227539062e+01,-3.614456558227539062e+01,-3.614456558227539062e+01,-3.614456558227539062e+01,-3.614456558227539062e+01,-3.614456558227539062e+01,-3.614456558227539062e+01,-3.614456558227539062e+01,-3.051048088073730469e+01,-3.051048088073730469e+01,-3.051048088073730469e+01,-2.642691421508789062e+01,-2.642691421508789062e+01,-2.642691421508789062e+01,-2.728833580017089844e+01,-2.728833580017089844e+01,-2.728833580017089844e+01,-2.728833580017089844e+01,-2.799193191528320312e+01,-3.843620300292968750e+01,-3.843620300292968750e+01,-3.843620300292968750e+01,-3.843620300292968750e+01,-3.843620300292968750e+01,-3.961137390136718750e+01,-6.689593505859375000e+01,-6.689593505859375000e+01,-6.689593505859375000e+01,-6.689593505859375000e+01,-6.689593505859375000e+01,-6.689593505859375000e+01,-6.689593505859375000e+01,-6.689593505859375000e+01,-6.689593505859375000e+01,-6.689593505859375000e+01,-6.689593505859375000e+01,-6.689593505859375000e+01,-6.689593505859375000e+01,-6.689593505859375000e+01,-6.689593505859375000e+01,-6.689593505859375000e+01,-6.689593505859375000e+01,-6.689593505859375000e+01,-6.689593505859375000e+01,-6.689593505859375000e+01,-6.689593505859375000e+01,-5.341790771484375000e+01,-6.384378433227539062e+01,-4.663972473144531250e+01,-4.985781097412109375e+01,-4.498036575317382812e+01,-4.614015960693359375e+01,-4.634727859497070312e+01,-4.972096252441406250e+01,-5.053635787963867188e+01,-5.205878067016601562e+01,-5.320895004272460938e+01,-5.614281463623046875e+01,-5.789319229125976562e+01,-6.181330871582031250e+01,-6.440354919433593750e+01,-6.625868225097656250e+01,-6.912319946289062500e+01,-7.115519714355468750e+01,-7.284928894042968750e+01,-7.322419738769531250e+01,-7.470352172851562500e+01,-7.520600891113281250e+01,-7.590244293212890625e+01,-7.574688720703125000e+01,-7.635066223144531250e+01,-7.542509460449218750e+01,-7.571280670166015625e+01,-7.567337036132812500e+01,-7.582083129882812500e+01,-7.614849853515625000e+01,-7.650093078613281250e+01,-7.684281158447265625e+01,-7.688613891601562500e+01,-7.768963623046875000e+01,-7.797894287109375000e+01,-7.818134307861328125e+01,-7.860244750976562500e+01,-7.895338439941406250e+01,-7.856390380859375000e+01,-7.904641723632812500e+01
-7.994133758544921875e+01,-7.994603729248046875e+01,-7.978649902343750000e+01,-7.978649902343750000e+01,-7.978649902343750000e+01,-7.336262512207031250e+01,-7.935261535644531250e+01,-7.935261535644531250e+01,-7.935261535644531250e+01,-7.935261535644531250e+01,-7.935261535644531250e+01,-7.935261535644531250e+01,-7.935261535644531250e+01,-7.935261535644531250e+01,-7.935261535644531250e+01,-7.935261535644531250e+01,-7.935261535644531250e+01,-7.935261535644531250e+01,-7.935261535644531250e+01,-7.935261535644531250e+01,-7.935261535644531250e+01,-7.935261535644531250e+01,-7.935261535644531250e+01,-7.935261535644531250e+01,-7.935261535644531250e+01,-7.935261535644531250e+01,-7.935261535644531250e+01,-7.935261535644531250e+01,-7.935261535644531250e+01,-7.935261535644531250e+01,-7.935261535644531250e+01,-7.935261535644531250e+01,-7.935261535644531250e+01,-7.935261535644531250e+01,-7.935261535644531250e+01,-7.935261535644531250e+01,-7.935261535644531250e+01,-7.935261535644531250e+01,-7.935261535644531250e+01,-7.935261535644531250e+01,-7.935261535644531250e+01,-7.935261535644531250e+01,-7.935261535644531250e+01,-7.935261535644531250e+01,-7.935261535644531250e+01,-7.935261535644531250e+01,-7.935261535644531250e+01,-7.935261535644531250e+01,-7.935261535644531250e+01,-7.935261535644531250e+01,-7.935261535644531250e+01,-7.935261535644531250e+01,-5.057598114013671875e+01,-5.057598114013671875e+01,-5.057598114013671875e+01,-5.057598114013671875e+01,-5.057598114013671875e+01,-5.057598114013671875e+01,-5.057598114013671875e+01,-5.057598114013671875e+01,-5.057598114013671875e+01,-5.057598114013671875e+01,-5.057598114013671875e+01,-5.057598114013671875e+01,-5.057598114013671875e+01,-5.057598114013671875e+01,-5.057598114013671875e+01,-5.553241729736328125e+01,-4.202210617065429688e+01,-4.202210617065429688e+01,-4.202210617065429688e+01,-4.202210617065429688e+01,-4.202210617065429688e+01,-4.202210617065429688e+01,-4.202210617065429688e+01,-4.202210617065429688e+01,-4.202210617065429688e+01,-4.202210617065429688e+01,-5.064852142333984375e+01,-3.387414550781250000e+01,-2.010327529907226562e+01,-3.545185470581054688e+01,-3.545185470581054688e+01,-3.545185470581054688e+01,-3.545185470581054688e+01,-3.545185470581054688e+01,-3.545185470581054688e+01,-3.545185470581054688e+01,-3.545185470581054688e+01,-3.545185470581054688e+01,-3.545185470581054688e+01,-2.070437812805175781e+01,-2.070437812805175781e+01,-2.070437812805175781e+01,-3.543376159667968750e+01,-3.543376159667968750e+01,-3.543376159667968750e+01,-2.534260940551757812e+01,-2.534260940551757812e+01,-2.534260940551757812e+01,-2.534260940551757812e+01,-3.876550292968750000e+01,-4.341912078857421875e+01,-4.341912078857421875e+01,-4.341912078857421875e+01,-4.341912078857421875e+01,-4.341912078857421875e+01,-5.214906311035156250e+01,-7.262727355957031250e+01,-7.262727355957031250e+01,-7.262727355957031250e+01,-7.262727355957031250e+01,-7.262727355957031250e+01,-7.262727355957031250e+01,-7.262727355957031250e+01,-7.262727355957031250e+01,-7.262727355957031250e+01,-7.262727355957031250e+01,-7.262727355957031250e+01,-7.262727355957031250e+01,-7.262727355957031250e+01,-7.262727355957031250e+01,-7.262727355957031250e+01,-7.262727355957031250e+01,-7.262727355957031250e+01,-7.262727355957031250e+01,-7.262727355957031250e+01,-7.262727355957031250e+01,-7.262727355957031250e+01,-6.097506332397460938e+01,-6.854663848876953125e+01,-4.966272735595703125e+01,-5.368812179565429688e+01,-4.846120452880859375e+01,-5.057436370849609375e+01,-5.150917053222656250e+01,-5.844874572753906250e+01,-5.919823455810546875e+01,-6.101620101928710938e+01,-6.176694488525390625e+01,-6.407792663574218750e+01,-6.528372192382812500e+01,-6.806036376953125000e+01,-6.977755737304687500e+01,-7.131977844238281250e+01,-7.289022064208984375e+01,-7.487686920166015625e+01,-7.568710327148437500e+01,-7.633628082275390625e+01,-7.695770263671875000e+01,-7.767777252197265625e+01,-7.794061279296875000e+01,-7.812302398681640625e+01,-7.833934020996093750e+01,-7.798359680175781250e+01,-7.810299682617187500e+01,-7.820735931396484375e+01,-7.821038055419921875e+01,-7.815200805664062500e+01,-7.830305480957031250e+01,-7.857530212402343750e+01,-7.868420410156250000e+01,-7.877389526367187500e+01,-7.896566772460937500e+01,-7.915238952636718750e+01,-7.936225891113281250e+01,-7.964326477050781250e+01,-7.947180175781250000e+01,-7.959902954101562500e+01
-7.992655944824218750e+01,-7.909364318847656250e+01,-7.946369934082031250e+01,-7.946369934082031250e+01,-7.946369934082031250e+01,-7.615089416503906250e+01,-7.912467956542968750e+01,-7.912467956542968750e+01,-7.912467956542968750e+01,-7.912467956542968750e+01,-7.912467956542968750e+01,-7.912467956542968750e+01,-7.912467956542968750e+01,-7.912467956542968750e+01,-7.912467956542968750e+01,-7.912467956542968750e+01,-7.912467956542968750e+01,-7.912467956542968750e+01,-7.912467956542968750e+01,-7.912467956542968750e+01,-7.912467956542968750e+01,-7.912467956542968750e+01,-7.912467956542968750e+01,-7.912467956542968750e+01,-7.912467956542968750e+01,-7.912467956542968750e+01,-7.912467956542968750e+01,-7.912467956542968750e+01,-7.912467956542968750e+01,-7.912467956542968750e+01,-7.912467956542968750e+01,-7.912467956542968750e+01,-7.912467956542968750e+01,-7.912467956542968750e+01,-7.912467956542968750e+01,-7.912467956542968750e+01,-7.912467956542968750e+01,-7.912467956542968750e+01,-7.912467956542968750e+01,-7.912467956542968750e+01,-7.912467956542968750e+01,-7.912467956542968750e+01,-7.912467956542968750e+01,-7.912467956542968750e+01,-7.912467956542968750e+01,-7.912467956542968750e+01,-7.912467956542968750e+01,-7.912467956542968750e+01,-7.912467956542968750e+01,-7.912467956542968750e+01,-7.912467956542968750e+01,-7.912467956542968750e+01,-4.646688842773437500e+01,-4.646688842773437500e+01,-4.646688842773437500e+01,-4.646688842773437500e+01,-4.646688842773437500e+01,-4.646688842773437500e+01,-4.646688842773437500e+01,-4.646688842773437500e+01,-4.646688842773437500e+01,-4.646688842773437500e+01,-4.646688842773437500e+01,-4.646688842773437500e+01,-4.646688842773437500e+01,-4.646688842773437500e+01,-4.646688842773437500e+01,-4.755129623413085938e+01,-2.215185928344726562e+01,-2.215185928344726562e+01,-2.215185928344726562e+01,-2.215185928344726562e+01,-2.215185928344726562e+01,-2.215185928344726562e+01,-2.215185928344726562e+01,-2.215185928344726562e+01,-2.215185928344726562e+01,-2.215185928344726562e+01,-3.053331184387207031e+01,-1.060890007019042969e+01,-7.392238616943359375e+00,-1.275179672241210938e+01,-1.275179672241210938e+01,-1.275179672241210938e+01,-1.275179672241210938e+01,-1.275179672241210938e+01,-1.275179672241210938e+01,-1.275179672241210938e+01,-1.275179672241210938e+01,-1.275179672241210938e+01,-1.275179672241210938e+01,-1.501569366455078125e+01,-1.501569366455078125e+01,-1.501569366455078125e+01,-2.670106315612792969e+01,-2.670106315612792969e+01,-2.670106315612792969e+01,-2.674359130859375000e+01,-2.674359130859375000e+01,-2.674359130859375000e+01,-2.674359130859375000e+01,-4.207222747802734375e+01,-4.994992446899414062e+01,-4.994992446899414062e+01,-4.994992446899414062e+01,-4.994992446899414062e+01,-4.994992446899414062e+01,-5.621244049072265625e+01,-7.398252868652343750e+01,-7.398252868652343750e+01,-7.398252868652343750e+01,-7.398252868652343750e+01,-7.398252868652343750e+01,-7.398252868652343750e+01,-7.398252868652343750e+01,-7.398252868652343750e+01,-7.398252868652343750e+01,-7.398252868652343750e+01,-7.398252868652343750e+01,-7.398252868652343750e+01,-7.398252868652343750e+01,-7.398252868652343750e+01,-7.398252868652343750e+01,-7.398252868652343750e+01,-7.398252868652343750e+01,-7.398252868652343750e+01,-7.398252868652343750e+01,-7.398252868652343750e+01,-7.398252868652343750e+01,-6.149358367919921875e+01,-7.001289367675781250e+01,-5.070224380493164062e+01,-5.462633514404296875e+01,-4.783063888549804688e+01,-5.036072158813476562e+01,-5.059283828735351562e+01,-5.735704803466796875e+01,-5.726464080810546875e+01,-5.830128479003906250e+01,-5.970832061767578125e+01,-6.138925170898437500e+01,-6.154325866699218750e+01,-6.448051452636718750e+01,-6.657797241210937500e+01,-6.836624145507812500e+01,-6.960460662841796875e+01,-7.206178283691406250e+01,-7.331965637207031250e+01,-7.410559082031250000e+01,-7.505781555175781250e+01,-7.583369445800781250e+01,-7.658813476562500000e+01,-7.672830963134765625e+01,-7.723986053466796875e+01,-7.641345214843750000e+01,-7.629983520507812500e+01,-7.664159393310546875e+01,-7.647257995605468750e+01,-7.684004211425781250e+01,-7.697615051269531250e+01,-7.754381561279296875e+01,-7.762277984619140625e+01,-7.807397460937500000e+01,-7.820285034179687500e+01,-7.856985473632812500e+01,-7.867875671386718750e+01,-7.907371520996093750e+01,-7.851161193847656250e+01,-7.909147644042968750e+01
-7.972740936279296875e+01,-7.995796203613281250e+01,-7.981190490722656250e+01,-7.981190490722656250e+01,-7.981190490722656250e+01,-7.869935607910156250e+01,-7.903778076171875000e+01,-7.903778076171875000e+01,-7.903778076171875000e+01,-7.903778076171875000e+01,-7.903778076171875000e+01,-7.903778076171875000e+01,-7.903778076171875000e+01,-7.903778076171875000e+01,-7.903778076171875000e+01,-7.903778076171875000e+01,-7.903778076171875000e+01,-7.903778076171875000e+01,-7.903778076171875000e+01,-7.903778076171875000e+01,-7.903778076171875000e+01,-7.903778076171875000e+01,-7.903778076171875000e+01,-7.903778076171875000e+01,-7.903778076171875000e+01,-7.903778076171875000e+01,-7.903778076171875000e+01,-7.903778076171875000e+01,-7.903778076171875000e+01,-7.903778076171875000e+01,-7.903778076171875000e+01,-7.903778076171875000e+01,-7.903778076171875000e+01,-7.903778076171875000e+01,-7.903778076171875000e+01,-7.903778076171875000e+01,-7.903778076171875000e+01,-7.903778076171875000e+01,-7.903778076171875000e+01,-7.903778076171875000e+01,-7.903778076171875000e+01,-7.903778076171875000e+01,-7.903778076171875000e+01,-7.903778076171875000e+01,-7.903778076171875000e+01,-7.903778076171875000e+01,-7.903778076171875000e+01,-7.903778076171875000e+01,-7.903778076171875000e+01,-7.903778076171875000e+01,-7.903778076171875000e+01,-7.903778076171875000e+01,-4.191241073608398438e+01,-4.191241073608398438e+01,-4.191241073608398438e+01,-4.191241073608398438e+01,-4.191241073608398438e+01,-4.191241073608398438e+01,-4.191241073608398438e+01,-4.191241073608398438e+01,-4.191241073608398438e+01,-4.191241073608398438e+01,-4.191241073608398438e+01,-4.191241073608398438e+01,-4.191241073608398438e+01,-4.191241073608398438e+01,-4.191241073608398438e+01,-4.391154861450195312e+01,-2.167100524902343750e+01,-2.167100524902343750e+01,-2.167100524902343750e+01,-2.167100524902343750e+01,-2.167100524902343750e+01,-2.167100524902343750e+01,-2.167100524902343750e+01,-2.167100524902343750e+01,-2.167100524902343750e+01,-2.167100524902343750e+01,-2.550340652465820312e+01,-1.226580047607421875e+01,-8.532268524169921875e+00,-1.104937553405761719e+01,-1.104937553405761719e+01,-1.104937553405761719e+01,-1.104937553405761719e+01,-1.104937553405761719e+01,-1.104937553405761719e+01,-1.104937553405761719e+01,-1.104937553405761719e+01,-1.104937553405761719e+01,-1.104937553405761719e+01,-1.357837867736816406e+01,-1.357837867736816406e+01,-1.357837867736816406e+01,-2.879242324829101562e+01,-2.879242324829101562e+01,-2.879242324829101562e+01,-2.733848571777343750e+01,-2.733848571777343750e+01,-2.733848571777343750e+01,-2.733848571777343750e+01,-4.616111373901367188e+01,-5.157109832763671875e+01,-5.157109832763671875e+01,-5.157109832763671875e+01,-5.157109832763671875e+01,-5.157109832763671875e+01,-5.530422973632812500e+01,-7.349977874755859375e+01,-7.349977874755859375e+01,-7.349977874755859375e+01,-7.349977874755859375e+01,-7.349977874755859375e+01,-7.349977874755859375e+01,-7.349977874755859375e+01,-7.349977874755859375e+01,-7.349977874755859375e+01,-7.349977874755859375e+01,-7.349977874755859375e+01,-7.349977874755859375e+01,-7.349977874755859375e+01,-7.349977874755859375e+01,-7.349977874755859375e+01,-7.349977874755859375e+01,-7.349977874755859375e+01,-7.349977874755859375e+01,-7.349977874755859375e+01,-7.349977874755859375e+01,-7.349977874755859375e+01,-5.996170043945312500e+01,-7.070663452148437500e+01,-5.261185836791992188e+01,-5.888011550903320312e+01,-5.080752182006835938e+01,-5.319216156005859375e+01,-5.326292419433593750e+01,-5.603720474243164062e+01,-5.681465148925781250e+01,-5.699243164062500000e+01,-5.923226928710937500e+01,-6.038623046875000000e+01,-6.150849533081054688e+01,-6.350547790527343750e+01,-6.680448913574218750e+01,-6.756501007080078125e+01,-6.939703369140625000e+01,-7.123004150390625000e+01,-7.304336547851562500e+01,-7.374338531494140625e+01,-7.449694824218750000e+01,-7.561216735839843750e+01,-7.629795837402343750e+01,-7.677352142333984375e+01,-7.705394744873046875e+01,-7.665867614746093750e+01,-7.674017333984375000e+01,-7.674918365478515625e+01,-7.701725769042968750e+01,-7.709399414062500000e+01,-7.733464813232421875e+01,-7.753697204589843750e+01,-7.802559661865234375e+01,-7.824896240234375000e+01,-7.816410827636718750e+01,-7.864215087890625000e+01,-7.866255187988281250e+01,-7.898593139648437500e+01,-7.869428253173828125e+01,-7.908285522460937500e+01
-7.944839477539062500e+01,-7.996667480468750000e+01,-7.996357727050781250e+01,-7.996357727050781250e+01,-7.996357727050781250e+01,-7.920804595947265625e+01,-7.959654235839843750e+01,-7.959654235839843750e+01,-7.959654235839843750e+01,-7.959654235839843750e+01,-7.959654235839843750e+01,-7.959654235839843750e+01,-7.959654235839843750e+01,-7.959654235839843750e+01,-7.959654235839843750e+01,-7.959654235839843750e+01,-7.959654235839843750e+01,-7.959654235839843750e+01,-7.959654235839843750e+01,-7.959654235839843750e+01,-7.959654235839843750e+01,-7.959654235839843750e+01,-7.959654235839843750e+01,-7.959654235839843750e+01,-7.959654235839843750e+01,-7.959654235839843750e+01,-7.959654235839843750e+01,-7.959654235839843750e+01,-7.959654235839843750e+01,-7.959654235839843750e+01,-7.959654235839843750e+01,-7.959654235839843750e+01,-7.959654235839843750e+01,-7.959654235839843750e+01,-7.959654235839843750e+01,-7.959654235839843750e+01,-7.959654235839843750e+01,-7.959654235839843750e+01,-7.959654235839843750e+01,-7.959654235839843750e+01,-7.959654235839843750e+01,-7.959654235839843750e+01,-7.959654235839843750e+01,-7.959654235839843750e+01,-7.959654235839843750e+01,-7.959654235839843750e+01,-7.959654235839843750e+01,-7.959654235839843750e+01,-7.959654235839843750e+01,-7.959654235839843750e+01,-7.959654235839843750e+01,-7.959654235839843750e+01,-4.165680313110351562e+01,-4.165680313110351562e+01,-4.165680313110351562e+01,-4.165680313110351562e+01,-4.165680313110351562e+01,-4.165680313110351562e+01,-4.165680313110351562e+01,-4.165680313110351562e+01,-4.165680313110351562e+01,-4.165680313110351562e+01,-4.165680313110351562e+01,-4.165680313110351562e+01,-4.165680313110351562e+01,-4.165680313110351562e+01,-4.165680313110351562e+01,-4.456109237670898438e+01,-2.701412200927734375e+01,-2.701412200927734375e+01,-2.701412200927734375e+01,-2.701412200927734375e+01,-2.701412200927734375e+01,-2.701412200927734375e+01,-2.701412200927734375e+01,-2.701412200927734375e+01,-2.701412200927734375e+01,-2.701412200927734375e+01,-3.096802902221679688e+01,-2.161234664916992188e+01,-1.473345184326171875e+01,-1.964372634887695312e+01,-1.964372634887695312e+01,-1.964372634887695312e+01,-1.964372634887695312e+01,-1.964372634887695312e+01,-1.964372634887695312e+01,-1.964372634887695312e+01,-1.964372634887695312e+01,-1.964372634887695312e+01,-1.964372634887695312e+01,-1.921579170227050781e+01,-1.921579170227050781e+01,-1.921579170227050781e+01,-2.938650703430175781e+01,-2.938650703430175781e+01,-2.938650703430175781e+01,-3.038076210021972656e+01,-3.038076210021972656e+01,-3.038076210021972656e+01,-3.038076210021972656e+01,-4.348464202880859375e+01,-5.744132232666015625e+01,-5.744132232666015625e+01,-5.744132232666015625e+01,-5.744132232666015625e+01,-5.744132232666015625e+01,-5.275933456420898438e+01,-7.504203033447265625e+01,-7.504203033447265625e+01,-7.504203033447265625e+01,-7.504203033447265625e+01,-7.504203033447265625e+01,-7.504203033447265625e+01,-7.504203033447265625e+01,-7.504203033447265625e+01,-7.504203033447265625e+01,-7.504203033447265625e+01,-7.504203033447265625e+01,-7.504203033447265625e+01,-7.504203033447265625e+01,-7.504203033447265625e+01,-7.504203033447265625e+01,-7.504203033447265625e+01,-7.504203033447265625e+01,-7.504203033447265625e+01,-7.504203033447265625e+01,-7.504203033447265625e+01,-7.504203033447265625e+01,-6.046711349487304688e+01,-7.360807800292968750e+01,-5.432314300537109375e+01,-6.129785156250000000e+01,-5.171156311035156250e+01,-5.505239486694335938e+01,-5.492973327636718750e+01,-5.923317718505859375e+01,-6.006502151489257812e+01,-6.121904373168945312e+01,-6.251270294189453125e+01,-6.341107559204101562e+01,-6.452381134033203125e+01,-6.640148162841796875e+01,-6.889396667480468750e+01,-7.000785827636718750e+01,-7.158817291259765625e+01,-7.356986999511718750e+01,-7.481967926025390625e+01,-7.537968444824218750e+01,-7.605918884277343750e+01,-7.703001403808593750e+01,-7.750792694091796875e+01,-7.770181274414062500e+01,-7.789827728271484375e+01,-7.749579620361328125e+01,-7.760911560058593750e+01,-7.773586273193359375e+01,-7.789636230468750000e+01,-7.781042480468750000e+01,-7.807448577880859375e+01,-7.832731628417968750e+01,-7.864302062988281250e+01,-7.854138183593750000e+01,-7.863306427001953125e+01,-7.897697448730468750e+01,-7.931686401367187500e+01,-7.957188415527343750e+01,-7.953775024414062500e+01,-7.954510498046875000e+01
-7.993338012695312500e+01,-7.994005584716796875e+01,-7.998689270019531250e+01,-7.998689270019531250e+01,-7.998689270019531250e+01,-7.719155883789062500e+01,-7.983086395263671875e+01,-7.983086395263671875e+01,-7.983086395263671875e+01,-7.983086395263671875e+01,-7.983086395263671875e+01,-7.983086395263671875e+01,-7.983086395263671875e+01,-7.983086395263671875e+01,-7.983086395263671875e+01,-7.983086395263671875e+01,-7.983086395263671875e+01,-7.983086395263671875e+01,-7.983086395263671875e+01,-7.983086395263671875e+01,-7.983086395263671875e+01,-7.983086395263671875e+01,-7.983086395263671875e+01,-7.983086395263671875e+01,-7.983086395263671875e+01,-7.983086395263671875e+01,-7.983086395263671875e+01,-7.983086395263671875e+01,-7.983086395263671875e+01,-7.983086395263671875e+01,-7.983086395263671875e+01,-7.983086395263671875e+01,-7.983086395263671875e+01,-7.983086395263671875e+01,-7.983086395263671875e+01,-7.983086395263671875e+01,-7.983086395263671875e+01,-7.983086395263671875e+01,-7.983086395263671875e+01,-7.983086395263671875e+01,-7.983086395263671875e+01,-7.983086395263671875e+01,-7.983086395263671875e+01,-7.983086395263671875e+01,-7.983086395263671875e+01,-7.983086395263671875e+01,-7.983086395263671875e+01,-7.983086395263671875e+01,-7.983086395263671875e+01,-7.983086395263671875e+01,-7.983086395263671875e+01,-7.983086395263671875e+01,-5.916318511962890625e+01,-5.916318511962890625e+01,-5.916318511962890625e+01,-5.916318511962890625e+01,-5.916318511962890625e+01,-5.916318511962890625e+01,-5.916318511962890625e+01,-5.916318511962890625e+01,-5.916318511962890625e+01,-5.916318511962890625e+01,-5.916318511962890625e+01,-5.916318511962890625e+01,-5.916318511962890625e+01,-5.916318511962890625e+01,-5.916318511962890625e+01,-5.098854827880859375e+01,-4.359591293334960938e+01,-4.359591293334960938e+01,-4.359591293334960938e+01,-4.359591293334960938e+01,-4.359591293334960938e+01,-4.359591293334960938e+01,-4.359591293334960938e+01,-4.359591293334960938e+01,-4.359591293334960938e+01,-4.359591293334960938e+01,-4.274866485595703125e+01,-3.376119613647460938e+01,-2.006710433959960938e+01,-3.474485015869140625e+01,-3.474485015869140625e+01,-3.474485015869140625e+01,-3.474485015869140625e+01,-3.474485015869140625e+01,-3.474485015869140625e+01,-3.474485015869140625e+01,-3.474485015869140625e+01,-3.474485015869140625e+01,-3.474485015869140625e+01,-2.358478736877441406e+01,-2.358478736877441406e+01,-2.358478736877441406e+01,-3.754342651367187500e+01,-3.754342651367187500e+01,-3.754342651367187500e+01,-3.014531707763671875e+01,-3.014531707763671875e+01,-3.014531707763671875e+01,-3.014531707763671875e+01,-4.695252990722656250e+01,-5.624317550659179688e+01,-5.624317550659179688e+01,-5.624317550659179688e+01,-5.624317550659179688e+01,-5.624317550659179688e+01,-6.044049072265625000e+01,-7.494021606445312500e+01,-7.494021606445312500e+01,-7.494021606445312500e+01,-7.494021606445312500e+01,-7.494021606445312500e+01,-7.494021606445312500e+01,-7.494021606445312500e+01,-7.494021606445312500e+01,-7.494021606445312500e+01,-7.494021606445312500e+01,-7.494021606445312500e+01,-7.494021606445312500e+01,-7.494021606445312500e+01,-7.494021606445312500e+01,-7.494021606445312500e+01,-7.494021606445312500e+01,-7.494021606445312500e+01,-7.494021606445312500e+01,-7.494021606445312500e+01,-7.494021606445312500e+01,-7.494021606445312500e+01,-6.449317932128906250e+01,-7.173853302001953125e+01,-5.265096664428710938e+01,-5.741322708129882812e+01,-4.971503448486328125e+01,-5.567926788330078125e+01,-5.466127014160156250e+01,-6.431069183349609375e+01,-6.313298797607421875e+01,-6.530091857910156250e+01,-6.844098663330078125e+01,-6.871788024902343750e+01,-7.124411773681640625e+01,-7.280268096923828125e+01,-7.441398620605468750e+01,-7.516905212402343750e+01,-7.656602478027343750e+01,-7.733654022216796875e+01,-7.789744567871093750e+01,-7.824271392822265625e+01,-7.857850646972656250e+01,-7.896871948242187500e+01,-7.908319091796875000e+01,-7.921542358398437500e+01,-7.920652770996093750e+01,-7.885856628417968750e+01,-7.898731994628906250e+01,-7.906861114501953125e+01,-7.911488342285156250e+01,-7.913761138916015625e+01,-7.926797485351562500e+01,-7.940184020996093750e+01,-7.949430847167968750e+01,-7.949517822265625000e+01,-7.957716369628906250e+01,-7.966174316406250000e+01,-7.983953857421875000e+01,-7.991015625000000000e+01,-7.989021301269531250e+01,-7.987301635742187500e+01
-7.981922149658203125e+01,-6.906947326660156250e+01,-7.983101654052734375e+01,-7.983101654052734375e+01,-7.983101654052734375e+01,-7.361940002441406250e+01,-7.886477661132812500e+01,-7.886477661132812500e+01,-7.886477661132812500e+01,-7.886477661132812500e+01,-7.886477661132812500e+01,-7.886477661132812500e+01,-7.886477661132812500e+01,-7.886477661132812500e+01,-7.886477661132812500e+01,-7.886477661132812500e+01,-7.886477661132812500e+01,-7.886477661132812500e+01,-7.886477661132812500e+01,-7.886477661132812500e+01,-7.886477661132812500e+01,-7.886477661132812500e+01,-7.886477661132812500e+01,-7.886477661132812500e+01,-7.886477661132812500e+01,-7.886477661132812500e+01,-7.886477661132812500e+01,-7.886477661132812500e+01,-7.886477661132812500e+01,-7.886477661132812500e+01,-7.886477661132812500e+01,-7.886477661132812500e+01,-7.886477661132812500e+01,-7.886477661132812500e+01,-7.886477661132812500e+01,-7.886477661132812500e+01,-7.886477661132812500e+01,-7.886477661132812500e+01,-7.886477661132812500e+01,-7.886477661132812500e+01,-7.886477661132812500e+01,-7.886477661132812500e+01,-7.886477661132812500e+01,-7.886477661132812500e+01,-7.886477661132812500e+01,-7.886477661132812500e+01,-7.886477661132812500e+01,-7.886477661132812500e+01,-7.886477661132812500e+01,-7.886477661132812500e+01,-7.886477661132812500e+01,-7.886477661132812500e+01,-5.768233108520507812e+01,-5.768233108520507812e+01,-5.768233108520507812e+01,-5.768233108520507812e+01,-5.768233108520507812e+01,-5.768233108520507812e+01,-5.768233108520507812e+01,-5.768233108520507812e+01,-5.768233108520507812e+01,-5.768233108520507812e+01,-5.768233108520507812e+01,-5.768233108520507812e+01,-5.768233108520507812e+01,-5.768233108520507812e+01,-5.768233108520507812e+01,-4.745879745483398438e+01,-3.207057189941406250e+01,-3.207057189941406250e+01,-3.207057189941406250e+01,-3.207057189941406250e+01,-3.207057189941406250e+01,-3.207057189941406250e+01,-3.207057189941406250e+01,-3.207057189941406250e+01,-3.207057189941406250e+01,-3.207057189941406250e+01,-3.668891143798828125e+01,-2.075713729858398438e+01,-1.111643218994140625e+01,-2.588064002990722656e+01,-2.588064002990722656e+01,-2.588064002990722656e+01,-2.588064002990722656e+01,-2.588064002990722656e+01,-2.588064002990722656e+01,-2.588064002990722656e+01,-2.588064002990722656e+01,-2.588064002990722656e+01,-2.588064002990722656e+01,-1.627494430541992188e+01,-1.627494430541992188e+01,-1.627494430541992188e+01,-3.988833236694335938e+01,-3.988833236694335938e+01,-3.988833236694335938e+01,-2.727740859985351562e+01,-2.727740859985351562e+01,-2.727740859985351562e+01,-2.727740859985351562e+01,-5.337460327148437500e+01,-5.528476715087890625e+01,-5.528476715087890625e+01,-5.528476715087890625e+01,-5.528476715087890625e+01,-5.528476715087890625e+01,-6.340032196044921875e+01,-7.509863281250000000e+01,-7.509863281250000000e+01,-7.509863281250000000e+01,-7.509863281250000000e+01,-7.509863281250000000e+01,-7.509863281250000000e+01,-7.509863281250000000e+01,-7.509863281250000000e+01,-7.509863281250000000e+01,-7.509863281250000000e+01,-7.509863281250000000e+01,-7.509863281250000000e+01,-7.509863281250000000e+01,-7.509863281250000000e+01,-7.509863281250000000e+01,-7.509863281250000000e+01,-7.509863281250000000e+01,-7.509863281250000000e+01,-7.509863281250000000e+01,-7.509863281250000000e+01,-7.509863281250000000e+01,-6.453538513183593750e+01,-7.180484008789062500e+01,-5.236016082763671875e+01,-5.624588012695312500e+01,-5.177633285522460938e+01,-5.615792083740234375e+01,-5.704646682739257812e+01,-6.630143737792968750e+01,-6.526243591308593750e+01,-6.781785583496093750e+01,-6.978106689453125000e+01,-7.037838745117187500e+01,-7.139289093017578125e+01,-7.286743164062500000e+01,-7.388806152343750000e+01,-7.445887756347656250e+01,-7.507122802734375000e+01,-7.618853759765625000e+01,-7.673858642578125000e+01,-7.702351379394531250e+01,-7.717725372314453125e+01,-7.779035186767578125e+01,-7.807659912109375000e+01,-7.815502929687500000e+01,-7.828600311279296875e+01,-7.790158843994140625e+01,-7.776867675781250000e+01,-7.803001403808593750e+01,-7.797492980957031250e+01,-7.818232727050781250e+01,-7.821295166015625000e+01,-7.868955993652343750e+01,-7.872073364257812500e+01,-7.901486206054687500e+01,-7.886718750000000000e+01,-7.912237548828125000e+01,-7.930639648437500000e+01,-7.965478515625000000e+01,-7.952458190917968750e+01,-7.963436126708984375e+01
-7.999388122558593750e+01,-7.875737762451171875e+01,-7.860738372802734375e+01,-7.860738372802734375e+01,-7.860738372802734375e+01,-5.049835586547851562e+01,-7.798568725585937500e+01,-7.798568725585937500e+01,-7.798568725585937500e+01,-7.798568725585937500e+01,-7.798568725585937500e+01,-7.798568725585937500e+01,-7.798568725585937500e+01,-7.798568725585937500e+01,-7.798568725585937500e+01,-7.798568725585937500e+01,-7.798568725585937500e+01,-7.798568725585937500e+01,-7.798568725585937500e+01,-7.798568725585937500e+01,-7.798568725585937500e+01,-7.798568725585937500e+01,-7.798568725585937500e+01,-7.798568725585937500e+01,-7.798568725585937500e+01,-7.798568725585937500e+01,-7.798568725585937500e+01,-7.798568725585937500e+01,-7.798568725585937500e+01,-7.798568725585937500e+01,-7.798568725585937500e+01,-7.798568725585937500e+01,-7.798568725585937500e+01,-7.798568725585937500e+01,-7.798568725585937500e+01,-7.798568725585937500e+01,-7.798568725585937500e+01,-7.798568725585937500e+01,-7.798568725585937500e+01,-7.798568725585937500e+01,-7.798568725585937500e+01,-7.798568725585937500e+01,-7.798568725585937500e+01,-7.798568725585937500e+01,-7.798568725585937500e+01,-7.798568725585937500e+01,-7.798568725585937500e+01,-7.798568725585937500e+01,-7.798568725585937500e+01,-7.798568725585937500e+01,-7.798568725585937500e+01,-7.798568725585937500e+01,-5.867285919189453125e+01,-5.867285919189453125e+01,-5.867285919189453125e+01,-5.867285919189453125e+01,-5.867285919189453125e+01,-5.867285919189453125e+01,-5.867285919189453125e+01,-5.867285919189453125e+01,-5.867285919189453125e+01,-5.867285919189453125e+01,-5.867285919189453125e+01,-5.867285919189453125e+01,-5.867285919189453125e+01,-5.867285919189453125e+01,-5.867285919189453125e+01,-4.582978439331054688e+01,-2.553192901611328125e+01,-2.553192901611328125e+01,-2.553192901611328125e+01,-2.553192901611328125e+01,-2.553192901611328125e+01,-2.553192901611328125e+01,-2.553192901611328125e+01,-2.553192901611328125e+01,-2.553192901611328125e+01,-2.553192901611328125e+01,-3.429354858398437500e+01,-1.500223541259765625e+01,-9.965816497802734375e+00,-1.786928558349609375e+01,-1.786928558349609375e+01,-1.786928558349609375e+01,-1.786928558349609375e+01,-1.786928558349609375e+01,-1.786928558349609375e+01,-1.786928558349609375e+01,-1.786928558349609375e+01,-1.786928558349609375e+01,-1.786928558349609375e+01,-1.405026435852050781e+01,-1.405026435852050781e+01,-1.405026435852050781e+01,-4.054679870605468750e+01,-4.054679870605468750e+01,-4.054679870605468750e+01,-3.016055488586425781e+01,-3.016055488586425781e+01,-3.016055488586425781e+01,-3.016055488586425781e+01,-5.946898269653320312e+01,-6.276826858520507812e+01,-6.276826858520507812e+01,-6.276826858520507812e+01,-6.276826858520507812e+01,-6.276826858520507812e+01,-7.011558532714843750e+01,-7.733101654052734375e+01,-7.733101654052734375e+01,-7.733101654052734375e+01,-7.733101654052734375e+01,-7.733101654052734375e+01,-7.733101654052734375e+01,-7.733101654052734375e+01,-7.733101654052734375e+01,-7.733101654052734375e+01,-7.733101654052734375e+01,-7.733101654052734375e+01,-7.733101654052734375e+01,-7.733101654052734375e+01,-7.733101654052734375e+01,-7.733101654052734375e+01,-7.733101654052734375e+01,-7.733101654052734375e+01,-7.733101654052734375e+01,-7.733101654052734375e+01,-7.733101654052734375e+01,-7.733101654052734375e+01,-6.960161590576171875e+01,-7.419763946533203125e+01,-5.774309539794921875e+01,-6.064606857299804688e+01,-5.485171508789062500e+01,-5.968035507202148438e+01,-5.982816314697265625e+01,-6.803875732421875000e+01,-6.823937988281250000e+01,-7.014303588867187500e+01,-7.196572875976562500e+01,-7.266603088378906250e+01,-7.367622375488281250e+01,-7.480860900878906250e+01,-7.591636657714843750e+01,-7.638849639892578125e+01,-7.697547912597656250e+01,-7.777368164062500000e+01,-7.818011474609375000e+01,-7.841732788085937500e+01,-7.862251281738281250e+01,-7.893591308593750000e+01,-7.911659240722656250e+01,-7.922673034667968750e+01,-7.931271362304687500e+01,-7.901529693603515625e+01,-7.909295654296875000e+01,-7.899218750000000000e+01,-7.917990875244140625e+01,-7.911441040039062500e+01,-7.930357360839843750e+01,-7.932996368408203125e+01,-7.949253845214843750e+01,-7.957415008544921875e+01,-7.959274291992187500e+01,-7.961735534667968750e+01,-7.978810119628906250e+01,-7.984683227539062500e+01,-7.985343170166015625e+01,-7.987075042724609375e+01
-7.998756408691406250e+01,-7.937327575683593750e+01,-7.991342163085937500e+01,-7.991342163085937500e+01,-7.991342163085937500e+01,-7.722204589843750000e+01,-7.893374633789062500e+01,-7.893374633789062500e+01,-7.893374633789062500e+01,-7.893374633789062500e+01,-7.893374633789062500e+01,-7.893374633789062500e+01,-7.893374633789062500e+01,-7.893374633789062500e+01,-7.893374633789062500e+01,-7.893374633789062500e+01,-7.893374633789062500e+01,-7.893374633789062500e+01,-7.893374633789062500e+01,-7.893374633789062500e+01,-7.893374633789062500e+01,-7.893374633789062500e+01,-7.893374633789062500e+01,-7.893374633789062500e+01,-7.893374633789062500e+01,-7.893374633789062500e+01,-7.893374633789062500e+01,-7.893374633789062500e+01,-7.893374633789062500e+01,-7.893374633789062500e+01,-7.893374633789062500e+01,-7.893374633789062500e+01,-7.893374633789062500e+01,-7.893374633789062500e+01,-7.893374633789062500e+01,-7.893374633789062500e+01,-7.893374633789062500e+01,-7.893374633789062500e+01,-7.893374633789062500e+01,-7.893374633789062500e+01,-7.893374633789062500e+01,-7.893374633789062500e+01,-7.893374633789062500e+01,-7.893374633789062500e+01,-7.893374633789062500e+01,-7.893374633789062500e+01,-7.893374633789062500e+01,-7.893374633789062500e+01,-7.893374633789062500e+01,-7.893374633789062500e+01,-7.893374633789062500e+01,-7.893374633789062500e+01,-5.704872131347656250e+01,-5.704872131347656250e+01,-5.704872131347656250e+01,-5.704872131347656250e+01,-5.704872131347656250e+01,-5.704872131347656250e+01,-5.704872131347656250e+01,-5.704872131347656250e+01,-5.704872131347656250e+01,-5.704872131347656250e+01,-5.704872131347656250e+01,-5.704872131347656250e+01,-5.704872131347656250e+01,-5.704872131347656250e+01,-5.704872131347656250e+01,-4.495777893066406250e+01,-3.043537902832031250e+01,-3.043537902832031250e+01,-3.043537902832031250e+01,-3.043537902832031250e+01,-3.043537902832031250e+01,-3.043537902832031250e+01,-3.043537902832031250e+01,-3.043537902832031250e+01,-3.043537902832031250e+01,-3.043537902832031250e+01,-3.593718338012695312e+01,-2.155556488037109375e+01,-1.617256546020507812e+01,-2.668474006652832031e+01,-2.668474006652832031e+01,-2.668474006652832031e+01,-2.668474006652832031e+01,-2.668474006652832031e+01,-2.668474006652832031e+01,-2.668474006652832031e+01,-2.668474006652832031e+01,-2.668474006652832031e+01,-2.668474006652832031e+01,-1.982806777954101562e+01,-1.982806777954101562e+01,-1.982806777954101562e+01,-4.523031616210937500e+01,-4.523031616210937500e+01,-4.523031616210937500e+01,-3.229333877563476562e+01,-3.229333877563476562e+01,-3.229333877563476562e+01,-3.229333877563476562e+01,-5.914241790771484375e+01,-6.257070159912109375e+01,-6.257070159912109375e+01,-6.257070159912109375e+01,-6.257070159912109375e+01,-6.257070159912109375e+01,-6.877743530273437500e+01,-7.646281433105468750e+01,-7.646281433105468750e+01,-7.646281433105468750e+01,-7.646281433105468750e+01,-7.646281433105468750e+01,-7.646281433105468750e+01,-7.646281433105468750e+01,-7.646281433105468750e+01,-7.646281433105468750e+01,-7.646281433105468750e+01,-7.646281433105468750e+01,-7.646281433105468750e+01,-7.646281433105468750e+01,-7.646281433105468750e+01,-7.646281433105468750e+01,-7.646281433105468750e+01,-7.646281433105468750e+01,-7.646281433105468750e+01,-7.646281433105468750e+01,-7.646281433105468750e+01,-7.646281433105468750e+01,-6.839886474609375000e+01,-7.228249359130859375e+01,-5.719193267822265625e+01,-5.818201446533203125e+01,-5.260139083862304688e+01,-5.457863616943359375e+01,-5.620037078857421875e+01,-6.220327758789062500e+01,-6.212562561035156250e+01,-6.328498458862304688e+01,-6.523887634277343750e+01,-6.575828552246093750e+01,-6.741702270507812500e+01,-6.873908233642578125e+01,-7.094746398925781250e+01,-7.204380798339843750e+01,-7.364891052246093750e+01,-7.464619445800781250e+01,-7.600964355468750000e+01,-7.634777832031250000e+01,-7.723666381835937500e+01,-7.764388275146484375e+01,-7.821698760986328125e+01,-7.832478332519531250e+01,-7.866781616210937500e+01,-7.823426818847656250e+01,-7.825328063964843750e+01,-7.821762084960937500e+01,-7.829295349121093750e+01,-7.845771789550781250e+01,-7.863518524169921875e+01,-7.877311706542968750e+01,-7.890821075439453125e+01,-7.928983306884765625e+01,-7.913867187500000000e+01,-7.933309173583984375e+01,-7.958999633789062500e+01,-7.971183776855468750e+01,-7.973326110839843750e+01,-7.980751037597656250e+01
-7.993351745605468750e+01,-7.992376708984375000e+01,-7.964164733886718750e+01,-7.964164733886718750e+01,-7.964164733886718750e+01,-6.178350448608398438e+01,-7.951957702636718750e+01,-7.951957702636718750e+01,-7.951957702636718750e+01,-7.951957702636718750e+01,-7.951957702636718750e+01,-7.951957702636718750e+01,-7.951957702636718750e+01,-7.951957702636718750e+01,-7.951957702636718750e+01,-7.951957702636718750e+01,-7.951957702636718750e+01,-7.951957702636718750e+01,-7.951957702636718750e+01,-7.951957702636718750e+01,-7.951957702636718750e+01,-7.951957702636718750e+01,-7.951957702636718750e+01,-7.951957702636718750e+01,-7.951957702636718750e+01,-7.951957702636718750e+01,-7.951957702636718750e+01,-7.951957702636718750e+01,-7.951957702636718750e+01,-7.951957702636718750e+01,-7.951957702636718750e+01,-7.951957702636718750e+01,-7.951957702636718750e+01,-7.951957702636718750e+01,-7.951957702636718750e+01,-7.951957702636718750e+01,-7.951957702636718750e+01,-7.951957702636718750e+01,-7.951957702636718750e+01,-7.951957702636718750e+01,-7.951957702636718750e+01,-7.951957702636718750e+01,-7.951957702636718750e+01,-7.951957702636718750e+01,-7.951957702636718750e+01,-7.951957702636718750e+01,-7.951957702636718750e+01,-7.951957702636718750e+01,-7.951957702636718750e+01,-7.951957702636718750e+01,-7.951957702636718750e+01,-7.951957702636718750e+01,-4.414339447021484375e+01,-4.414339447021484375e+01,-4.414339447021484375e+01,-4.414339447021484375e+01,-4.414339447021484375e+01,-4.414339447021484375e+01,-4.414339447021484375e+01,-4.414339447021484375e+01,-4.414339447021484375e+01,-4.414339447021484375e+01,-4.414339447021484375e+01,-4.414339447021484375e+01,-4.414339447021484375e+01,-4.414339447021484375e+01,-4.414339447021484375e+01,-4.292309951782226562e+01,-2.788413047790527344e+01,-2.788413047790527344e+01,-2.788413047790527344e+01,-2.788413047790527344e+01,-2.788413047790527344e+01,-2.788413047790527344e+01,-2.788413047790527344e+01,-2.788413047790527344e+01,-2.788413047790527344e+01,-2.788413047790527344e+01,-2.943215751647949219e+01,-2.557668876647949219e+01,-1.268415451049804688e+01,-3.076561546325683594e+01,-3.076561546325683594e+01,-3.076561546325683594e+01,-3.076561546325683594e+01,-3.076561546325683594e+01,-3.076561546325683594e+01,-3.076561546325683594e+01,-3.076561546325683594e+01,-3.076561546325683594e+01,-3.076561546325683594e+01,-1.819318389892578125e+01,-1.819318389892578125e+01,-1.819318389892578125e+01,-4.661859893798828125e+01,-4.661859893798828125e+01,-4.661859893798828125e+01,-3.174294853210449219e+01,-3.174294853210449219e+01,-3.174294853210449219e+01,-3.174294853210449219e+01,-5.813421630859375000e+01,-5.749996185302734375e+01,-5.749996185302734375e+01,-5.749996185302734375e+01,-5.749996185302734375e+01,-5.749996185302734375e+01,-6.181851196289062500e+01,-7.212608337402343750e+01,-7.212608337402343750e+01,-7.212608337402343750e+01,-7.212608337402343750e+01,-7.212608337402343750e+01,-7.212608337402343750e+01,-7.212608337402343750e+01,-7.212608337402343750e+01,-7.212608337402343750e+01,-7.212608337402343750e+01,-7.212608337402343750e+01,-7.212608337402343750e+01,-7.212608337402343750e+01,-7.212608337402343750e+01,-7.212608337402343750e+01,-7.212608337402343750e+01,-7.212608337402343750e+01,-7.212608337402343750e+01,-7.212608337402343750e+01,-7.212608337402343750e+01,-7.212608337402343750e+01,-6.359435653686523438e+01,-6.891286468505859375e+01,-5.884990310668945312e+01,-5.960906219482421875e+01,-5.414923858642578125e+01,-5.391397094726562500e+01,-5.384153747558593750e+01,-5.762966918945312500e+01,-5.788260650634765625e+01,-5.909901428222656250e+01,-6.233211898803710938e+01,-6.362484741210937500e+01,-6.637527465820312500e+01,-6.760707092285156250e+01,-7.021000671386718750e+01,-7.121512603759765625e+01,-7.271096038818359375e+01,-7.336374664306640625e+01,-7.474983215332031250e+01,-7.507048797607421875e+01,-7.579644012451171875e+01,-7.652036285400390625e+01,-7.684326171875000000e+01,-7.717880249023437500e+01,-7.738482666015625000e+01,-7.683258056640625000e+01,-7.678676605224609375e+01,-7.675741577148437500e+01,-7.678553009033203125e+01,-7.679917907714843750e+01,-7.699034118652343750e+01,-7.729959106445312500e+01,-7.770013427734375000e+01,-7.828630828857421875e+01,-7.833472442626953125e+01,-7.849838256835937500e+01,-7.925748443603515625e+01,-7.937090301513671875e+01,-7.932105255126953125e+01,-7.942071533203125000e+01
-7.993791198730468750e+01,-7.992398071289062500e+01,-7.960111999511718750e+01,-7.960111999511718750e+01,-7.960111999511718750e+01,-6.291878890991210938e+01,-7.894772338867187500e+01,-7.894772338867187500e+01,-7.894772338867187500e+01,-7.894772338867187500e+01,-7.894772338867187500e+01,-7.894772338867187500e+01,-7.894772338867187500e+01,-7.894772338867187500e+01,-7.894772338867187500e+01,-7.894772338867187500e+01,-7.894772338867187500e+01,-7.894772338867187500e+01,-7.894772338867187500e+01,-7.894772338867187500e+01,-7.894772338867187500e+01,-7.894772338867187500e+01,-7.894772338867187500e+01,-7.894772338867187500e+01,-7.894772338867187500e+01,-7.894772338867187500e+01,-7.894772338867187500e+01,-7.894772338867187500e+01,-7.894772338867187500e+01,-7.894772338867187500e+01,-7.894772338867187500e+01,-7.894772338867187500e+01,-7.894772338867187500e+01,-7.894772338867187500e+01,-7.894772338867187500e+01,-7.894772338867187500e+01,-7.894772338867187500e+01,-7.894772338867187500e+01,-7.894772338867187500e+01,-7.894772338867187500e+01,-7.894772338867187500e+01,-7.894772338867187500e+01,-7.894772338867187500e+01,-7.894772338867187500e+01,-7.894772338867187500e+01,-7.894772338867187500e+01,-7.894772338867187500e+01,-7.894772338867187500e+01,-7.894772338867187500e+01,-7.894772338867187500e+01,-7.894772338867187500e+01,-7.894772338867187500e+01,-4.880232238769531250e+01,-4.880232238769531250e+01,-4.880232238769531250e+01,-4.880232238769531250e+01,-4.880232238769531250e+01,-4.880232238769531250e+01,-4.880232238769531250e+01,-4.880232238769531250e+01,-4.880232238769531250e+01,-4.880232238769531250e+01,-4.880232238769531250e+01,-4.880232238769531250e+01,-4.880232238769531250e+01,-4.880232238769531250e+01,-4.880232238769531250e+01,-3.937911605834960938e+01,-2.328390884399414062e+01,-2.328390884399414062e+01,-2.328390884399414062e+01,-2.328390884399414062e+01,-2.328390884399414062e+01,-2.328390884399414062e+01,-2.328390884399414062e+01,-2.328390884399414062e+01,-2.328390884399414062e+01,-2.328390884399414062e+01,-2.980419921875000000e+01,-2.556710243225097656e+01,-1.062483596801757812e+01,-3.781172180175781250e+01,-3.781172180175781250e+01,-3.781172180175781250e+01,-3.781172180175781250e+01,-3.781172180175781250e+01,-3.781172180175781250e+01,-3.781172180175781250e+01,-3.781172180175781250e+01,-3.781172180175781250e+01,-3.781172180175781250e+01,-1.658956527709960938e+01,-1.658956527709960938e+01,-1.658956527709960938e+01,-5.493816375732421875e+01,-5.493816375732421875e+01,-5.493816375732421875e+01,-2.859939575195312500e+01,-2.859939575195312500e+01,-2.859939575195312500e+01,-2.859939575195312500e+01,-6.524786376953125000e+01,-6.141942977905273438e+01,-6.141942977905273438e+01,-6.141942977905273438e+01,-6.141942977905273438e+01,-6.141942977905273438e+01,-7.111257171630859375e+01,-7.565780639648437500e+01,-7.565780639648437500e+01,-7.565780639648437500e+01,-7.565780639648437500e+01,-7.565780639648437500e+01,-7.565780639648437500e+01,-7.565780639648437500e+01,-7.565780639648437500e+01,-7.565780639648437500e+01,-7.565780639648437500e+01,-7.565780639648437500e+01,-7.565780639648437500e+01,-7.565780639648437500e+01,-7.565780639648437500e+01,-7.565780639648437500e+01,-7.565780639648437500e+01,-7.565780639648437500e+01,-7.565780639648437500e+01,-7.565780639648437500e+01,-7.565780639648437500e+01,-7.565780639648437500e+01,-6.957481384277343750e+01,-7.247966003417968750e+01,-5.987871551513671875e+01,-6.068788528442382812e+01,-5.538704681396484375e+01,-5.794092559814453125e+01,-5.750644683837890625e+01,-6.447634124755859375e+01,-6.337677383422851562e+01,-6.494113159179687500e+01,-6.806168365478515625e+01,-6.788775634765625000e+01,-7.044924926757812500e+01,-7.062431335449218750e+01,-7.254910278320312500e+01,-7.296696472167968750e+01,-7.424113464355468750e+01,-7.490631103515625000e+01,-7.568899536132812500e+01,-7.603248596191406250e+01,-7.667486572265625000e+01,-7.726529693603515625e+01,-7.744374084472656250e+01,-7.779766845703125000e+01,-7.784088134765625000e+01,-7.732022094726562500e+01,-7.738011169433593750e+01,-7.736026000976562500e+01,-7.737553405761718750e+01,-7.721347045898437500e+01,-7.757945251464843750e+01,-7.776428222656250000e+01,-7.804306030273437500e+01,-7.820140075683593750e+01,-7.841703796386718750e+01,-7.839930725097656250e+01,-7.907611846923828125e+01,-7.921166992187500000e+01,-7.903727722167968750e+01,-7.898275756835937500e+01
-7.998101806640625000e+01,-7.590216064453125000e+01,-7.922044372558593750e+01,-7.922044372558593750e+01,-7.922044372558593750e+01,-7.357292175292968750e+01,-7.759144592285156250e+01,-7.759144592285156250e+01,-7.759144592285156250e+01,-7.759144592285156250e+01,-7.759144592285156250e+01,-7.759144592285156250e+01,-7.759144592285156250e+01,-7.759144592285156250e+01,-7.759144592285156250e+01,-7.759144592285156250e+01,-7.759144592285156250e+01,-7.759144592285156250e+01,-7.759144592285156250e+01,-7.759144592285156250e+01,-7.759144592285156250e+01,-7.759144592285156250e+01,-7.759144592285156250e+01,-7.759144592285156250e+01,-7.759144592285156250e+01,-7.759144592285156250e+01,-7.759144592285156250e+01,-7.759144592285156250e+01,-7.759144592285156250e+01,-7.759144592285156250e+01,-7.759144592285156250e+01,-7.759144592285156250e+01,-7.759144592285156250e+01,-7.759144592285156250e+01,-7.759144592285156250e+01,-7.759144592285156250e+01,-7.759144592285156250e+01,-7.759144592285156250e+01,-7.759144592285156250e+01,-7.759144592285156250e+01,-7.759144592285156250e+01,-7.759144592285156250e+01,-7.759144592285156250e+01,-7.759144592285156250e+01,-7.759144592285156250e+01,-7.759144592285156250e+01,-7.759144592285156250e+01,-7.759144592285156250e+01,-7.759144592285156250e+01,-7.759144592285156250e+01,-7.759144592285156250e+01,-7.759144592285156250e+01,-5.304199600219726562e+01,-5.304199600219726562e+01,-5.304199600219726562e+01,-5.304199600219726562e+01,-5.304199600219726562e+01,-5.304199600219726562e+01,-5.304199600219726562e+01,-5.304199600219726562e+01,-5.304199600219726562e+01,-5.304199600219726562e+01,-5.304199600219726562e+01,-5.304199600219726562e+01,-5.304199600219726562e+01,-5.304199600219726562e+01,-5.304199600219726562e+01,-4.171832656860351562e+01,-2.464673614501953125e+01,-2.464673614501953125e+01,-2.464673614501953125e+01,-2.464673614501953125e+01,-2.464673614501953125e+01,-2.464673614501953125e+01,-2.464673614501953125e+01,-2.464673614501953125e+01,-2.464673614501953125e+01,-2.464673614501953125e+01,-3.036276626586914062e+01,-1.939057159423828125e+01,-1.100962638854980469e+01,-2.950893592834472656e+01,-2.950893592834472656e+01,-2.950893592834472656e+01,-2.950893592834472656e+01,-2.950893592834472656e+01,-2.950893592834472656e+01,-2.950893592834472656e+01,-2.950893592834472656e+01,-2.950893592834472656e+01,-2.950893592834472656e+01,-1.571407318115234375e+01,-1.571407318115234375e+01,-1.571407318115234375e+01,-5.014136123657226562e+01,-5.014136123657226562e+01,-5.014136123657226562e+01,-3.073480987548828125e+01,-3.073480987548828125e+01,-3.073480987548828125e+01,-3.073480987548828125e+01,-6.585247802734375000e+01,-6.233215332031250000e+01,-6.233215332031250000e+01,-6.233215332031250000e+01,-6.233215332031250000e+01,-6.233215332031250000e+01,-7.041580200195312500e+01,-7.458663940429687500e+01,-7.458663940429687500e+01,-7.458663940429687500e+01,-7.458663940429687500e+01,-7.458663940429687500e+01,-7.458663940429687500e+01,-7.458663940429687500e+01,-7.458663940429687500e+01,-7.458663940429687500e+01,-7.458663940429687500e+01,-7.458663940429687500e+01,-7.458663940429687500e+01,-7.458663940429687500e+01,-7.458663940429687500e+01,-7.458663940429687500e+01,-7.458663940429687500e+01,-7.458663940429687500e+01,-7.458663940429687500e+01,-7.458663940429687500e+01,-7.458663940429687500e+01,-7.458663940429687500e+01,-6.847709655761718750e+01,-7.179067993164062500e+01,-5.959374618530273438e+01,-6.221726608276367188e+01,-5.444163513183593750e+01,-5.823436737060546875e+01,-5.514552307128906250e+01,-6.186193084716796875e+01,-6.037836456298828125e+01,-6.386048126220703125e+01,-6.721009826660156250e+01,-6.699458312988281250e+01,-6.957759094238281250e+01,-7.084529113769531250e+01,-7.207555389404296875e+01,-7.192843627929687500e+01,-7.358220672607421875e+01,-7.419163513183593750e+01,-7.451075744628906250e+01,-7.460955810546875000e+01,-7.528329467773437500e+01,-7.594303894042968750e+01,-7.604803466796875000e+01,-7.653207397460937500e+01,-7.674402618408203125e+01,-7.632785034179687500e+01,-7.634294128417968750e+01,-7.632472229003906250e+01,-7.645963287353515625e+01,-7.632360076904296875e+01,-7.675953674316406250e+01,-7.701605987548828125e+01,-7.765151214599609375e+01,-7.790724182128906250e+01,-7.790499877929687500e+01,-7.812514495849609375e+01,-7.834687805175781250e+01,-7.875310516357421875e+01,-7.858776855468750000e+01,-7.839849853515625000e+01
-7.994143676757812500e+01,-7.931587219238281250e+01,-7.965935516357421875e+01,-7.965935516357421875e+01,-7.965935516357421875e+01,-4.252539825439453125e+01,-7.835995483398437500e+01,-7.835995483398437500e+01,-7.835995483398437500e+01,-7.835995483398437500e+01,-7.835995483398437500e+01,-7.835995483398437500e+01,-7.835995483398437500e+01,-7.835995483398437500e+01,-7.835995483398437500e+01,-7.835995483398437500e+01,-7.835995483398437500e+01,-7.835995483398437500e+01,-7.835995483398437500e+01,-7.835995483398437500e+01,-7.835995483398437500e+01,-7.835995483398437500e+01,-7.835995483398437500e+01,-7.835995483398437500e+01,-7.835995483398437500e+01,-7.835995483398437500e+01,-7.835995483398437500e+01,-7.835995483398437500e+01,-7.835995483398437500e+01,-7.835995483398437500e+01,-7.835995483398437500e+01,-7.835995483398437500e+01,-7.835995483398437500e+01,-7.835995483398437500e+01,-7.835995483398437500e+01,-7.835995483398437500e+01,-7.835995483398437500e+01,-7.835995483398437500e+01,-7.835995483398437500e+01,-7.835995483398437500e+01,-7.835995483398437500e+01,-7.835995483398437500e+01,-7.835995483398437500e+01,-7.835995483398437500e+01,-7.835995483398437500e+01,-7.835995483398437500e+01,-7.835995483398437500e+01,-7.835995483398437500e+01,-7.835995483398437500e+01,-7.835995483398437500e+01,-7.835995483398437500e+01,-7.835995483398437500e+01,-5.105779266357421875e+01,-5.105779266357421875e+01,-5.105779266357421875e+01,-5.105779266357421875e+01,-5.105779266357421875e+01,-5.105779266357421875e+01,-5.105779266357421875e+01,-5.105779266357421875e+01,-5.105779266357421875e+01,-5.105779266357421875e+01,-5.105779266357421875e+01,-5.105779266357421875e+01,-5.105779266357421875e+01,-5.105779266357421875e+01,-5.105779266357421875e+01,-4.115897750854492188e+01,-2.395240402221679688e+01,-2.395240402221679688e+01,-2.395240402221679688e+01,-2.395240402221679688e+01,-2.395240402221679688e+01,-2.395240402221679688e+01,-2.395240402221679688e+01,-2.395240402221679688e+01,-2.395240402221679688e+01,-2.395240402221679688e+01,-2.717001533508300781e+01,-1.729036331176757812e+01,-1.117652130126953125e+01,-2.509522438049316406e+01,-2.509522438049316406e+01,-2.509522438049316406e+01,-2.509522438049316406e+01,-2.509522438049316406e+01,-2.509522438049316406e+01,-2.509522438049316406e+01,-2.509522438049316406e+01,-2.509522438049316406e+01,-2.509522438049316406e+01,-1.740502548217773438e+01,-1.740502548217773438e+01,-1.740502548217773438e+01,-5.036970901489257812e+01,-5.036970901489257812e+01,-5.036970901489257812e+01,-3.244814682006835938e+01,-3.244814682006835938e+01,-3.244814682006835938e+01,-3.244814682006835938e+01,-6.701319885253906250e+01,-6.477850341796875000e+01,-6.477850341796875000e+01,-6.477850341796875000e+01,-6.477850341796875000e+01,-6.477850341796875000e+01,-7.248518371582031250e+01,-7.645029449462890625e+01,-7.645029449462890625e+01,-7.645029449462890625e+01,-7.645029449462890625e+01,-7.645029449462890625e+01,-7.645029449462890625e+01,-7.645029449462890625e+01,-7.645029449462890625e+01,-7.645029449462890625e+01,-7.645029449462890625e+01,-7.645029449462890625e+01,-7.645029449462890625e+01,-7.645029449462890625e+01,-7.645029449462890625e+01,-7.645029449462890625e+01,-7.645029449462890625e+01,-7.645029449462890625e+01,-7.645029449462890625e+01,-7.645029449462890625e+01,-7.645029449462890625e+01,-7.645029449462890625e+01,-6.953724670410156250e+01,-7.148600769042968750e+01,-5.790055465698242188e+01,-5.821453475952148438e+01,-5.351663208007812500e+01,-5.485195159912109375e+01,-5.652604293823242188e+01,-6.078194427490234375e+01,-6.126122283935546875e+01,-6.360874557495117188e+01,-6.606520080566406250e+01,-6.697473144531250000e+01,-6.835269165039062500e+01,-7.027469635009765625e+01,-7.121102142333984375e+01,-7.206887054443359375e+01,-7.273738098144531250e+01,-7.413652038574218750e+01,-7.459852600097656250e+01,-7.505932617187500000e+01,-7.539594268798828125e+01,-7.635089111328125000e+01,-7.660578918457031250e+01,-7.695780944824218750e+01,-7.710684967041015625e+01,-7.625186157226562500e+01,-7.603288269042968750e+01,-7.623008728027343750e+01,-7.649609375000000000e+01,-7.652378845214843750e+01,-7.681649017333984375e+01,-7.736170196533203125e+01,-7.789656066894531250e+01,-7.822372436523437500e+01,-7.818790435791015625e+01,-7.849776458740234375e+01,-7.891378784179687500e+01,-7.923724365234375000e+01,-7.903654479980468750e+01,-7.892005920410156250e+01
-7.995484161376953125e+01,-7.983753967285156250e+01,-7.974349975585937500e+01,-7.974349975585937500e+01,-7.974349975585937500e+01,-7.706394958496093750e+01,-7.776829528808593750e+01,-7.776829528808593750e+01,-7.776829528808593750e+01,-7.776829528808593750e+01,-7.776829528808593750e+01,-7.776829528808593750e+01,-7.776829528808593750e+01,-7.776829528808593750e+01,-7.776829528808593750e+01,-7.776829528808593750e+01,-7.776829528808593750e+01,-7.776829528808593750e+01,-7.776829528808593750e+01,-7.776829528808593750e+01,-7.776829528808593750e+01,-7.776829528808593750e+01,-7.776829528808593750e+01,-7.776829528808593750e+01,-7.776829528808593750e+01,-7.776829528808593750e+01,-7.776829528808593750e+01,-7.776829528808593750e+01,-7.776829528808593750e+01,-7.776829528808593750e+01,-7.776829528808593750e+01,-7.776829528808593750e+01,-7.776829528808593750e+01,-7.776829528808593750e+01,-7.776829528808593750e+01,-7.776829528808593750e+01,-7.776829528808593750e+01,-7.776829528808593750e+01,-7.776829528808593750e+01,-7.776829528808593750e+01,-7.776829528808593750e+01,-7.776829528808593750e+01,-7.776829528808593750e+01,-7.776829528808593750e+01,-7.776829528808593750e+01,-7.776829528808593750e+01,-7.776829528808593750e+01,-7.776829528808593750e+01,-7.776829528808593750e+01,-7.776829528808593750e+01,-7.776829528808593750e+01,-7.776829528808593750e+01,-5.194303131103515625e+01,-5.194303131103515625e+01,-5.194303131103515625e+01,-5.194303131103515625e+01,-5.194303131103515625e+01,-5.194303131103515625e+01,-5.194303131103515625e+01,-5.194303131103515625e+01,-5.194303131103515625e+01,-5.194303131103515625e+01,-5.194303131103515625e+01,-5.194303131103515625e+01,-5.194303131103515625e+01,-5.194303131103515625e+01,-5.194303131103515625e+01,-3.871713638305664062e+01,-2.917519187927246094e+01,-2.917519187927246094e+01,-2.917519187927246094e+01,-2.917519187927246094e+01,-2.917519187927246094e+01,-2.917519187927246094e+01,-2.917519187927246094e+01,-2.917519187927246094e+01,-2.917519187927246094e+01,-2.917519187927246094e+01,-3.508882141113281250e+01,-2.638734436035156250e+01,-1.833564758300781250e+01,-3.697184753417968750e+01,-3.697184753417968750e+01,-3.697184753417968750e+01,-3.697184753417968750e+01,-3.697184753417968750e+01,-3.697184753417968750e+01,-3.697184753417968750e+01,-3.697184753417968750e+01,-3.697184753417968750e+01,-3.697184753417968750e+01,-2.399760246276855469e+01,-2.399760246276855469e+01,-2.399760246276855469e+01,-5.366967010498046875e+01,-5.366967010498046875e+01,-5.366967010498046875e+01,-3.693393325805664062e+01,-3.693393325805664062e+01,-3.693393325805664062e+01,-3.693393325805664062e+01,-6.243173980712890625e+01,-6.401181030273437500e+01,-6.401181030273437500e+01,-6.401181030273437500e+01,-6.401181030273437500e+01,-6.401181030273437500e+01,-6.951370239257812500e+01,-7.642513275146484375e+01,-7.642513275146484375e+01,-7.642513275146484375e+01,-7.642513275146484375e+01,-7.642513275146484375e+01,-7.642513275146484375e+01,-7.642513275146484375e+01,-7.642513275146484375e+01,-7.642513275146484375e+01,-7.642513275146484375e+01,-7.642513275146484375e+01,-7.642513275146484375e+01,-7.642513275146484375e+01,-7.642513275146484375e+01,-7.642513275146484375e+01,-7.642513275146484375e+01,-7.642513275146484375e+01,-7.642513275146484375e+01,-7.642513275146484375e+01,-7.642513275146484375e+01,-7.642513275146484375e+01,-6.688381958007812500e+01,-7.221008300781250000e+01,-5.672941589355468750e+01,-5.961429595947265625e+01,-5.575090408325195312e+01,-5.666865539550781250e+01,-5.824956512451171875e+01,-6.281409454345703125e+01,-6.303948211669921875e+01,-6.589942932128906250e+01,-6.842028045654296875e+01,-6.931027984619140625e+01,-7.133762359619140625e+01,-7.316481018066406250e+01,-7.474138641357421875e+01,-7.521303558349609375e+01,-7.638162231445312500e+01,-7.721815490722656250e+01,-7.779632568359375000e+01,-7.785336303710937500e+01,-7.820086669921875000e+01,-7.855320739746093750e+01,-7.873929595947265625e+01,-7.873697662353515625e+01,-7.884548187255859375e+01,-7.848754119873046875e+01,-7.831784057617187500e+01,-7.854482269287109375e+01,-7.846069335937500000e+01,-7.860437774658203125e+01,-7.859378814697265625e+01,-7.891354370117187500e+01,-7.884693908691406250e+01,-7.918003845214843750e+01,-7.902367401123046875e+01,-7.929867553710937500e+01,-7.943008422851562500e+01,-7.962184143066406250e+01,-7.948245239257812500e+01,-7.951986694335937500e+01
-7.767962646484375000e+01,-7.989776611328125000e+01,-7.996012115478515625e+01,-7.996012115478515625e+01,-7.996012115478515625e+01,-7.964751434326171875e+01,-7.785812377929687500e+01,-7.785812377929687500e+01,-7.785812377929687500e+01,-7.785812377929687500e+01,-7.785812377929687500e+01,-7.785812377929687500e+01,-7.785812377929687500e+01,-7.785812377929687500e+01,-7.785812377929687500e+01,-7.785812377929687500e+01,-7.785812377929687500e+01,-7.785812377929687500e+01,-7.785812377929687500e+01,-7.785812377929687500e+01,-7.785812377929687500e+01,-7.785812377929687500e+01,-7.785812377929687500e+01,-7.785812377929687500e+01,-7.785812377929687500e+01,-7.785812377929687500e+01,-7.785812377929687500e+01,-7.785812377929687500e+01,-7.785812377929687500e+01,-7.785812377929687500e+01,-7.785812377929687500e+01,-7.785812377929687500e+01,-7.785812377929687500e+01,-7.785812377929687500e+01,-7.785812377929687500e+01,-7.785812377929687500e+01,-7.785812377929687500e+01,-7.785812377929687500e+01,-7.785812377929687500e+01,-7.785812377929687500e+01,-7.785812377929687500e+01,-7.785812377929687500e+01,-7.785812377929687500e+01,-7.785812377929687500e+01,-7.785812377929687500e+01,-7.785812377929687500e+01,-7.785812377929687500e+01,-7.785812377929687500e+01,-7.785812377929687500e+01,-7.785812377929687500e+01,-7.785812377929687500e+01,-7.785812377929687500e+01,-4.683222579956054688e+01,-4.683222579956054688e+01,-4.683222579956054688e+01,-4.683222579956054688e+01,-4.683222579956054688e+01,-4.683222579956054688e+01,-4.683222579956054688e+01,-4.683222579956054688e+01,-4.683222579956054688e+01,-4.683222579956054688e+01,-4.683222579956054688e+01,-4.683222579956054688e+01,-4.683222579956054688e+01,-4.683222579956054688e+01,-4.683222579956054688e+01,-4.030442047119140625e+01,-2.690943908691406250e+01,-2.690943908691406250e+01,-2.690943908691406250e+01,-2.690943908691406250e+01,-2.690943908691406250e+01,-2.690943908691406250e+01,-2.690943908691406250e+01,-2.690943908691406250e+01,-2.690943908691406250e+01,-2.690943908691406250e+01,-3.229523849487304688e+01,-2.651399612426757812e+01,-1.645052909851074219e+01,-3.905741500854492188e+01,-3.905741500854492188e+01,-3.905741500854492188e+01,-3.905741500854492188e+01,-3.905741500854492188e+01,-3.905741500854492188e+01,-3.905741500854492188e+01,-3.905741500854492188e+01,-3.905741500854492188e+01,-3.905741500854492188e+01,-2.174773788452148438e+01,-2.174773788452148438e+01,-2.174773788452148438e+01,-5.560517120361328125e+01,-5.560517120361328125e+01,-5.560517120361328125e+01,-3.614323425292968750e+01,-3.614323425292968750e+01,-3.614323425292968750e+01,-3.614323425292968750e+01,-6.729179382324218750e+01,-6.498511505126953125e+01,-6.498511505126953125e+01,-6.498511505126953125e+01,-6.498511505126953125e+01,-6.498511505126953125e+01,-7.116337585449218750e+01,-7.643284606933593750e+01,-7.643284606933593750e+01,-7.643284606933593750e+01,-7.643284606933593750e+01,-7.643284606933593750e+01,-7.643284606933593750e+01,-7.643284606933593750e+01,-7.643284606933593750e+01,-7.643284606933593750e+01,-7.643284606933593750e+01,-7.643284606933593750e+01,-7.643284606933593750e+01,-7.643284606933593750e+01,-7.643284606933593750e+01,-7.643284606933593750e+01,-7.643284606933593750e+01,-7.643284606933593750e+01,-7.643284606933593750e+01,-7.643284606933593750e+01,-7.643284606933593750e+01,-7.643284606933593750e+01,-6.786050415039062500e+01,-7.266964721679687500e+01,-5.596265029907226562e+01,-6.023880767822265625e+01,-5.543165969848632812e+01,-5.768424987792968750e+01,-5.899467468261718750e+01,-6.685150146484375000e+01,-6.606403350830078125e+01,-6.925530242919921875e+01,-7.224222564697265625e+01,-7.219401550292968750e+01,-7.491004180908203125e+01,-7.535810852050781250e+01,-7.695413208007812500e+01,-7.695205688476562500e+01,-7.816523742675781250e+01,-7.830339813232421875e+01,-7.879756164550781250e+01,-7.883068847656250000e+01,-7.911198425292968750e+01,-7.925097656250000000e+01,-7.938381958007812500e+01,-7.944227600097656250e+01,-7.949221038818359375e+01,-7.917594909667968750e+01,-7.913551330566406250e+01,-7.920341491699218750e+01,-7.922572326660156250e+01,-7.925376892089843750e+01,-7.927879333496093750e+01,-7.937976074218750000e+01,-7.948107147216796875e+01,-7.954673767089843750e+01,-7.943272399902343750e+01,-7.953854370117187500e+01,-7.959930419921875000e+01,-7.975588989257812500e+01,-7.983203125000000000e+01,-7.979867553710937500e+01
-7.992167663574218750e+01,-7.545068359375000000e+01,-7.713587951660156250e+01,-7.713587951660156250e+01,-7.713587951660156250e+01,-7.855270385742187500e+01,-7.155931854248046875e+01,-7.155931854248046875e+01,-7.155931854248046875e+01,-7.155931854248046875e+01,-7.155931854248046875e+01,-7.155931854248046875e+01,-7.155931854248046875e+01,-7.155931854248046875e+01,-7.155931854248046875e+01,-7.155931854248046875e+01,-7.155931854248046875e+01,-7.155931854248046875e+01,-7.155931854248046875e+01,-7.155931854248046875e+01,-7.155931854248046875e+01,-7.155931854248046875e+01,-7.155931854248046875e+01,-7.155931854248046875e+01,-7.155931854248046875e+01,-7.155931854248046875e+01,-7.155931854248046875e+01,-7.155931854248046875e+01,-7.155931854248046875e+01,-7.155931854248046875e+01,-7.155931854248046875e+01,-7.155931854248046875e+01,-7.155931854248046875e+01,-7.155931854248046875e+01,-7.155931854248046875e+01,-7.155931854248046875e+01,-7.155931854248046875e+01,-7.155931854248046875e+01,-7.155931854248046875e+01,-7.155931854248046875e+01,-7.155931854248046875e+01,-7.155931854248046875e+01,-7.155931854248046875e+01,-7.155931854248046875e+01,-7.155931854248046875e+01,-7.155931854248046875e+01,-7.155931854248046875e+01,-7.155931854248046875e+01,-7.155931854248046875e+01,-7.155931854248046875e+01,-7.155931854248046875e+01,-7.155931854248046875e+01,-4.666082382202148438e+01,-4.666082382202148438e+01,-4.666082382202148438e+01,-4.666082382202148438e+01,-4.666082382202148438e+01,-4.666082382202148438e+01,-4.666082382202148438e+01,-4.666082382202148438e+01,-4.666082382202148438e+01,-4.666082382202148438e+01,-4.666082382202148438e+01,-4.666082382202148438e+01,-4.666082382202148438e+01,-4.666082382202148438e+01,-4.666082382202148438e+01,-3.792676925659179688e+01,-2.155344009399414062e+01,-2.155344009399414062e+01,-2.155344009399414062e+01,-2.155344009399414062e+01,-2.155344009399414062e+01,-2.155344009399414062e+01,-2.155344009399414062e+01,-2.155344009399414062e+01,-2.155344009399414062e+01,-2.155344009399414062e+01,-2.452521514892578125e+01,-1.956754493713378906e+01,-1.170231628417968750e+01,-3.414380645751953125e+01,-3.414380645751953125e+01,-3.414380645751953125e+01,-3.414380645751953125e+01,-3.414380645751953125e+01,-3.414380645751953125e+01,-3.414380645751953125e+01,-3.414380645751953125e+01,-3.414380645751953125e+01,-3.414380645751953125e+01,-2.197540664672851562e+01,-2.197540664672851562e+01,-2.197540664672851562e+01,-5.489394378662109375e+01,-5.489394378662109375e+01,-5.489394378662109375e+01,-4.093981552124023438e+01,-4.093981552124023438e+01,-4.093981552124023438e+01,-4.093981552124023438e+01,-6.646977996826171875e+01,-6.412127685546875000e+01,-6.412127685546875000e+01,-6.412127685546875000e+01,-6.412127685546875000e+01,-6.412127685546875000e+01,-7.050572204589843750e+01,-7.418983459472656250e+01,-7.418983459472656250e+01,-7.418983459472656250e+01,-7.418983459472656250e+01,-7.418983459472656250e+01,-7.418983459472656250e+01,-7.418983459472656250e+01,-7.418983459472656250e+01,-7.418983459472656250e+01,-7.418983459472656250e+01,-7.418983459472656250e+01,-7.418983459472656250e+01,-7.418983459472656250e+01,-7.418983459472656250e+01,-7.418983459472656250e+01,-7.418983459472656250e+01,-7.418983459472656250e+01,-7.418983459472656250e+01,-7.418983459472656250e+01,-7.418983459472656250e+01,-7.418983459472656250e+01,-6.729691314697265625e+01,-6.954026031494140625e+01,-5.737779998779296875e+01,-5.816078948974609375e+01,-5.356029891967773438e+01,-5.443758010864257812e+01,-5.420676040649414062e+01,-5.882882308959960938e+01,-5.875294876098632812e+01,-6.361572647094726562e+01,-6.737774658203125000e+01,-6.874406433105468750e+01,-7.167581939697265625e+01,-7.272416687011718750e+01,-7.395790863037109375e+01,-7.468339538574218750e+01,-7.588376617431640625e+01,-7.622790527343750000e+01,-7.644422912597656250e+01,-7.688047790527343750e+01,-7.699368286132812500e+01,-7.725518035888671875e+01,-7.709912109375000000e+01,-7.758970642089843750e+01,-7.750361633300781250e+01,-7.679868316650390625e+01,-7.693624877929687500e+01,-7.681785583496093750e+01,-7.689204406738281250e+01,-7.655529785156250000e+01,-7.697298431396484375e+01,-7.686598205566406250e+01,-7.756202697753906250e+01,-7.752995300292968750e+01,-7.748684692382812500e+01,-7.720267486572265625e+01,-7.783668518066406250e+01,-7.765827941894531250e+01,-7.781212615966796875e+01,-7.729836273193359375e+01
-6.849597167968750000e+01,-7.962951660156250000e+01,-7.986355590820312500e+01,-7.986355590820312500e+01,-7.986355590820312500e+01,-7.873838043212890625e+01,-7.675454711914062500e+01,-7.675454711914062500e+01,-7.675454711914062500e+01,-7.675454711914062500e+01,-7.675454711914062500e+01,-7.675454711914062500e+01,-7.675454711914062500e+01,-7.675454711914062500e+01,-7.675454711914062500e+01,-7.675454711914062500e+01,-7.675454711914062500e+01,-7.675454711914062500e+01,-7.675454711914062500e+01,-7.675454711914062500e+01,-7.675454711914062500e+01,-7.675454711914062500e+01,-7.675454711914062500e+01,-7.675454711914062500e+01,-7.675454711914062500e+01,-7.675454711914062500e+01,-7.675454711914062500e+01,-7.675454711914062500e+01,-7.675454711914062500e+01,-7.675454711914062500e+01,-7.675454711914062500e+01,-7.675454711914062500e+01,-7.675454711914062500e+01,-7.675454711914062500e+01,-7.675454711914062500e+01,-7.675454711914062500e+01,-7.675454711914062500e+01,-7.675454711914062500e+01,-7.675454711914062500e+01,-7.675454711914062500e+01,-7.675454711914062500e+01,-7.675454711914062500e+01,-7.675454711914062500e+01,-7.675454711914062500e+01,-7.675454711914062500e+01,-7.675454711914062500e+01,-7.675454711914062500e+01,-7.675454711914062500e+01,-7.675454711914062500e+01,-7.675454711914062500e+01,-7.675454711914062500e+01,-7.675454711914062500e+01,-3.793616867065429688e+01,-3.793616867065429688e+01,-3.793616867065429688e+01,-3.793616867065429688e+01,-3.793616867065429688e+01,-3.793616867065429688e+01,-3.793616867065429688e+01,-3.793616867065429688e+01,-3.793616867065429688e+01,-3.793616867065429688e+01,-3.793616867065429688e+01,-3.793616867065429688e+01,-3.793616867065429688e+01,-3.793616867065429688e+01,-3.793616867065429688e+01,-4.052346801757812500e+01,-1.954285812377929688e+01,-1.954285812377929688e+01,-1.954285812377929688e+01,-1.954285812377929688e+01,-1.954285812377929688e+01,-1.954285812377929688e+01,-1.954285812377929688e+01,-1.954285812377929688e+01,-1.954285812377929688e+01,-1.954285812377929688e+01,-2.674809646606445312e+01,-2.079456520080566406e+01,-1.506892967224121094e+01,-3.158138847351074219e+01,-3.158138847351074219e+01,-3.158138847351074219e+01,-3.158138847351074219e+01,-3.158138847351074219e+01,-3.158138847351074219e+01,-3.158138847351074219e+01,-3.158138847351074219e+01,-3.158138847351074219e+01,-3.158138847351074219e+01,-2.734118843078613281e+01,-2.734118843078613281e+01,-2.734118843078613281e+01,-4.905875015258789062e+01,-4.905875015258789062e+01,-4.905875015258789062e+01,-4.481058120727539062e+01,-4.481058120727539062e+01,-4.481058120727539062e+01,-4.481058120727539062e+01,-6.591002655029296875e+01,-6.672073364257812500e+01,-6.672073364257812500e+01,-6.672073364257812500e+01,-6.672073364257812500e+01,-6.672073364257812500e+01,-7.155865478515625000e+01,-7.515039825439453125e+01,-7.515039825439453125e+01,-7.515039825439453125e+01,-7.515039825439453125e+01,-7.515039825439453125e+01,-7.515039825439453125e+01,-7.515039825439453125e+01,-7.515039825439453125e+01,-7.515039825439453125e+01,-7.515039825439453125e+01,-7.515039825439453125e+01,-7.515039825439453125e+01,-7.515039825439453125e+01,-7.515039825439453125e+01,-7.515039825439453125e+01,-7.515039825439453125e+01,-7.515039825439453125e+01,-7.515039825439453125e+01,-7.515039825439453125e+01,-7.515039825439453125e+01,-7.515039825439453125e+01,-6.982475280761718750e+01,-7.128813171386718750e+01,-6.137422943115234375e+01,-5.960134506225585938e+01,-5.496744155883789062e+01,-5.633622741699218750e+01,-5.679947280883789062e+01,-5.953752899169921875e+01,-6.023622131347656250e+01,-6.495066070556640625e+01,-6.789450073242187500e+01,-6.953842926025390625e+01,-7.229718017578125000e+01,-7.410860443115234375e+01,-7.591419982910156250e+01,-7.623982238769531250e+01,-7.752899169921875000e+01,-7.786671447753906250e+01,-7.839035034179687500e+01,-7.831307983398437500e+01,-7.870848846435546875e+01,-7.881324005126953125e+01,-7.904757690429687500e+01,-7.898679351806640625e+01,-7.919245147705078125e+01,-7.891903686523437500e+01,-7.870634460449218750e+01,-7.900671386718750000e+01,-7.870246887207031250e+01,-7.897140502929687500e+01,-7.899588012695312500e+01,-7.919532775878906250e+01,-7.909288787841796875e+01,-7.919033813476562500e+01,-7.912763977050781250e+01,-7.929798126220703125e+01,-7.930625915527343750e+01,-7.952284240722656250e+01,-7.941857910156250000e+01,-7.959084320068359375e+01
-7.993035888671875000e+01,-7.809933471679687500e+01,-7.903922271728515625e+01,-7.903922271728515625e+01,-7.903922271728515625e+01,-7.325962829589843750e+01,-7.289450073242187500e+01,-7.289450073242187500e+01,-7.289450073242187500e+01,-7.289450073242187500e+01,-7.289450073242187500e+01,-7.289450073242187500e+01,-7.289450073242187500e+01,-7.289450073242187500e+01,-7.289450073242187500e+01,-7.289450073242187500e+01,-7.289450073242187500e+01,-7.289450073242187500e+01,-7.289450073242187500e+01,-7.289450073242187500e+01,-7.289450073242187500e+01,-7.289450073242187500e+01,-7.289450073242187500e+01,-7.289450073242187500e+01,-7.289450073242187500e+01,-7.289450073242187500e+01,-7.289450073242187500e+01,-7.289450073242187500e+01,-7.289450073242187500e+01,-7.289450073242187500e+01,-7.289450073242187500e+01,-7.289450073242187500e+01,-7.289450073242187500e+01,-7.289450073242187500e+01,-7.289450073242187500e+01,-7.289450073242187500e+01,-7.289450073242187500e+01,-7.289450073242187500e+01,-7.289450073242187500e+01,-7.289450073242187500e+01,-7.289450073242187500e+01,-7.289450073242187500e+01,-7.289450073242187500e+01,-7.289450073242187500e+01,-7.289450073242187500e+01,-7.289450073242187500e+01,-7.289450073242187500e+01,-7.289450073242187500e+01,-7.289450073242187500e+01,-7.289450073242187500e+01,-7.289450073242187500e+01,-7.289450073242187500e+01,-4.940112304687500000e+01,-4.940112304687500000e+01,-4.940112304687500000e+01,-4.940112304687500000e+01,-4.940112304687500000e+01,-4.940112304687500000e+01,-4.940112304687500000e+01,-4.940112304687500000e+01,-4.940112304687500000e+01,-4.940112304687500000e+01,-4.940112304687500000e+01,-4.940112304687500000e+01,-4.940112304687500000e+01,-4.940112304687500000e+01,-4.940112304687500000e+01,-3.635432815551757812e+01,-2.542296600341796875e+01,-2.542296600341796875e+01,-2.542296600341796875e+01,-2.542296600341796875e+01,-2.542296600341796875e+01,-2.542296600341796875e+01,-2.542296600341796875e+01,-2.542296600341796875e+01,-2.542296600341796875e+01,-2.542296600341796875e+01,-3.026527595520019531e+01,-2.251023483276367188e+01,-1.720097541809082031e+01,-3.605581665039062500e+01,-3.605581665039062500e+01,-3.605581665039062500e+01,-3.605581665039062500e+01,-3.605581665039062500e+01,-3.605581665039062500e+01,-3.605581665039062500e+01,-3.605581665039062500e+01,-3.605581665039062500e+01,-3.605581665039062500e+01,-2.884689331054687500e+01,-2.884689331054687500e+01,-2.884689331054687500e+01,-5.376883697509765625e+01,-5.376883697509765625e+01,-5.376883697509765625e+01,-4.485903549194335938e+01,-4.485903549194335938e+01,-4.485903549194335938e+01,-4.485903549194335938e+01,-6.538200378417968750e+01,-6.552959442138671875e+01,-6.552959442138671875e+01,-6.552959442138671875e+01,-6.552959442138671875e+01,-6.552959442138671875e+01,-7.064630126953125000e+01,-7.492167663574218750e+01,-7.492167663574218750e+01,-7.492167663574218750e+01,-7.492167663574218750e+01,-7.492167663574218750e+01,-7.492167663574218750e+01,-7.492167663574218750e+01,-7.492167663574218750e+01,-7.492167663574218750e+01,-7.492167663574218750e+01,-7.492167663574218750e+01,-7.492167663574218750e+01,-7.492167663574218750e+01,-7.492167663574218750e+01,-7.492167663574218750e+01,-7.492167663574218750e+01,-7.492167663574218750e+01,-7.492167663574218750e+01,-7.492167663574218750e+01,-7.492167663574218750e+01,-7.492167663574218750e+01,-7.001701354980468750e+01,-7.000292968750000000e+01,-5.934204483032226562e+01,-5.941156005859375000e+01,-5.502509307861328125e+01,-5.642995071411132812e+01,-5.671791076660156250e+01,-6.179026794433593750e+01,-6.130705642700195312e+01,-6.558691406250000000e+01,-6.901145935058593750e+01,-6.954165649414062500e+01,-7.262184143066406250e+01,-7.431571197509765625e+01,-7.604159545898437500e+01,-7.624446105957031250e+01,-7.765394592285156250e+01,-7.805381774902343750e+01,-7.855506134033203125e+01,-7.846797943115234375e+01,-7.889022827148437500e+01,-7.898490905761718750e+01,-7.919918823242187500e+01,-7.913845825195312500e+01,-7.929122161865234375e+01,-7.898464965820312500e+01,-7.888304901123046875e+01,-7.910743713378906250e+01,-7.894868469238281250e+01,-7.905686950683593750e+01,-7.917344665527343750e+01,-7.934843444824218750e+01,-7.936587524414062500e+01,-7.943013000488281250e+01,-7.938360595703125000e+01,-7.950617980957031250e+01,-7.944493103027343750e+01,-7.959651184082031250e+01,-7.952517700195312500e+01,-7.964850616455078125e+01
-7.962452697753906250e+01,-7.878910827636718750e+01,-7.992402648925781250e+01,-7.992402648925781250e+01,-7.992402648925781250e+01,-7.634333801269531250e+01,-7.741138458251953125e+01,-7.741138458251953125e+01,-7.741138458251953125e+01,-7.741138458251953125e+01,-7.741138458251953125e+01,-7.741138458251953125e+01,-7.741138458251953125e+01,-7.741138458251953125e+01,-7.741138458251953125e+01,-7.741138458251953125e+01,-7.741138458251953125e+01,-7.741138458251953125e+01,-7.741138458251953125e+01,-7.741138458251953125e+01,-7.741138458251953125e+01,-7.741138458251953125e+01,-7.741138458251953125e+01,-7.741138458251953125e+01,-7.741138458251953125e+01,-7.741138458251953125e+01,-7.741138458251953125e+01,-7.741138458251953125e+01,-7.741138458251953125e+01,-7.741138458251953125e+01,-7.741138458251953125e+01,-7.741138458251953125e+01,-7.741138458251953125e+01,-7.741138458251953125e+01,-7.741138458251953125e+01,-7.741138458251953125e+01,-7.741138458251953125e+01,-7.741138458251953125e+01,-7.741138458251953125e+01,-7.741138458251953125e+01,-7.741138458251953125e+01,-7.741138458251953125e+01,-7.741138458251953125e+01,-7.741138458251953125e+01,-7.741138458251953125e+01,-7.741138458251953125e+01,-7.741138458251953125e+01,-7.741138458251953125e+01,-7.741138458251953125e+01,-7.741138458251953125e+01,-7.741138458251953125e+01,-7.741138458251953125e+01,-4.982128906250000000e+01,-4.982128906250000000e+01,-4.982128906250000000e+01,-4.982128906250000000e+01,-4.982128906250000000e+01,-4.982128906250000000e+01,-4.982128906250000000e+01,-4.982128906250000000e+01,-4.982128906250000000e+01,-4.982128906250000000e+01,-4.982128906250000000e+01,-4.982128906250000000e+01,-4.982128906250000000e+01,-4.982128906250000000e+01,-4.982128906250000000e+01,-3.571036148071289062e+01,-2.840683555603027344e+01,-2.840683555603027344e+01,-2.840683555603027344e+01,-2.840683555603027344e+01,-2.840683555603027344e+01,-2.840683555603027344e+01,-2.840683555603027344e+01,-2.840683555603027344e+01,-2.840683555603027344e+01,-2.840683555603027344e+01,-2.824699592590332031e+01,-2.428009414672851562e+01,-1.558441162109375000e+01,-3.861284255981445312e+01,-3.861284255981445312e+01,-3.861284255981445312e+01,-3.861284255981445312e+01,-3.861284255981445312e+01,-3.861284255981445312e+01,-3.861284255981445312e+01,-3.861284255981445312e+01,-3.861284255981445312e+01,-3.861284255981445312e+01,-2.703769493103027344e+01,-2.703769493103027344e+01,-2.703769493103027344e+01,-5.903122711181640625e+01,-5.903122711181640625e+01,-5.903122711181640625e+01,-4.513524246215820312e+01,-4.513524246215820312e+01,-4.513524246215820312e+01,-4.513524246215820312e+01,-7.093718719482421875e+01,-6.943545532226562500e+01,-6.943545532226562500e+01,-6.943545532226562500e+01,-6.943545532226562500e+01,-6.943545532226562500e+01,-7.431454467773437500e+01,-7.612853240966796875e+01,-7.612853240966796875e+01,-7.612853240966796875e+01,-7.612853240966796875e+01,-7.612853240966796875e+01,-7.612853240966796875e+01,-7.612853240966796875e+01,-7.612853240966796875e+01,-7.612853240966796875e+01,-7.612853240966796875e+01,-7.612853240966796875e+01,-7.612853240966796875e+01,-7.612853240966796875e+01,-7.612853240966796875e+01,-7.612853240966796875e+01,-7.612853240966796875e+01,-7.612853240966796875e+01,-7.612853240966796875e+01,-7.612853240966796875e+01,-7.612853240966796875e+01,-7.612853240966796875e+01,-7.112934875488281250e+01,-7.113994598388671875e+01,-5.741408157348632812e+01,-5.758860015869140625e+01,-5.228394317626953125e+01,-5.304421234130859375e+01,-5.323648071289062500e+01,-5.893515396118164062e+01,-5.917100143432617188e+01,-6.413537597656250000e+01,-6.702662658691406250e+01,-6.897983551025390625e+01,-7.203944396972656250e+01,-7.418448638916015625e+01,-7.591486358642578125e+01,-7.672154998779296875e+01,-7.781132507324218750e+01,-7.837279510498046875e+01,-7.871292114257812500e+01,-7.882778167724609375e+01,-7.903366088867187500e+01,-7.924610900878906250e+01,-7.928974914550781250e+01,-7.934049987792968750e+01,-7.936381530761718750e+01,-7.874284362792968750e+01,-7.883641052246093750e+01,-7.880790710449218750e+01,-7.895145416259765625e+01,-7.888838958740234375e+01,-7.914026641845703125e+01,-7.907114410400390625e+01,-7.928302001953125000e+01,-7.929847717285156250e+01,-7.936785888671875000e+01,-7.921363830566406250e+01,-7.934130859375000000e+01,-7.936059570312500000e+01,-7.946897888183593750e+01,-7.955879974365234375e+01
-6.939207458496093750e+01,-5.874882507324218750e+01,-7.199080657958984375e+01,-7.199080657958984375e+01,-7.199080657958984375e+01,-7.135939788818359375e+01,-7.457415008544921875e+01,-7.457415008544921875e+01,-7.457415008544921875e+01,-7.457415008544921875e+01,-7.457415008544921875e+01,-7.457415008544921875e+01,-7.457415008544921875e+01,-7.457415008544921875e+01,-7.457415008544921875e+01,-7.457415008544921875e+01,-7.457415008544921875e+01,-7.457415008544921875e+01,-7.457415008544921875e+01,-7.457415008544921875e+01,-7.457415008544921875e+01,-7.457415008544921875e+01,-7.457415008544921875e+01,-7.457415008544921875e+01,-7.457415008544921875e+01,-7.457415008544921875e+01,-7.457415008544921875e+01,-7.457415008544921875e+01,-7.457415008544921875e+01,-7.457415008544921875e+01,-7.457415008544921875e+01,-7.457415008544921875e+01,-7.457415008544921875e+01,-7.457415008544921875e+01,-7.457415008544921875e+01,-7.457415008544921875e+01,-7.457415008544921875e+01,-7.457415008544921875e+01,-7.457415008544921875e+01,-7.457415008544921875e+01,-7.457415008544921875e+01,-7.457415008544921875e+01,-7.457415008544921875e+01,-7.457415008544921875e+01,-7.457415008544921875e+01,-7.457415008544921875e+01,-7.457415008544921875e+01,-7.457415008544921875e+01,-7.457415008544921875e+01,-7.457415008544921875e+01,-7.457415008544921875e+01,-7.457415008544921875e+01,-4.825838088989257812e+01,-4.825838088989257812e+01,-4.825838088989257812e+01,-4.825838088989257812e+01,-4.825838088989257812e+01,-4.825838088989257812e+01,-4.825838088989257812e+01,-4.825838088989257812e+01,-4.825838088989257812e+01,-4.825838088989257812e+01,-4.825838088989257812e+01,-4.825838088989257812e+01,-4.825838088989257812e+01,-4.825838088989257812e+01,-4.825838088989257812e+01,-3.139182853698730469e+01,-2.473430252075195312e+01,-2.473430252075195312e+01,-2.473430252075195312e+01,-2.473430252075195312e+01,-2.473430252075195312e+01,-2.473430252075195312e+01,-2.473430252075195312e+01,-2.473430252075195312e+01,-2.473430252075195312e+01,-2.473430252075195312e+01,-2.777919769287109375e+01,-2.322048759460449219e+01,-1.733509445190429688e+01,-3.934248352050781250e+01,-3.934248352050781250e+01,-3.934248352050781250e+01,-3.934248352050781250e+01,-3.934248352050781250e+01,-3.934248352050781250e+01,-3.934248352050781250e+01,-3.934248352050781250e+01,-3.934248352050781250e+01,-3.934248352050781250e+01,-3.010067749023437500e+01,-3.010067749023437500e+01,-3.010067749023437500e+01,-5.616809844970703125e+01,-5.616809844970703125e+01,-5.616809844970703125e+01,-4.805662536621093750e+01,-4.805662536621093750e+01,-4.805662536621093750e+01,-4.805662536621093750e+01,-6.530887603759765625e+01,-6.966249847412109375e+01,-6.966249847412109375e+01,-6.966249847412109375e+01,-6.966249847412109375e+01,-6.966249847412109375e+01,-7.088743591308593750e+01,-7.614306640625000000e+01,-7.614306640625000000e+01,-7.614306640625000000e+01,-7.614306640625000000e+01,-7.614306640625000000e+01,-7.614306640625000000e+01,-7.614306640625000000e+01,-7.614306640625000000e+01,-7.614306640625000000e+01,-7.614306640625000000e+01,-7.614306640625000000e+01,-7.614306640625000000e+01,-7.614306640625000000e+01,-7.614306640625000000e+01,-7.614306640625000000e+01,-7.614306640625000000e+01,-7.614306640625000000e+01,-7.614306640625000000e+01,-7.614306640625000000e+01,-7.614306640625000000e+01,-7.614306640625000000e+01,-7.022010803222656250e+01,-7.180805969238281250e+01,-6.066660690307617188e+01,-6.076292419433593750e+01,-5.729933929443359375e+01,-5.808728027343750000e+01,-5.774198913574218750e+01,-6.110518264770507812e+01,-6.067592239379882812e+01,-6.518380737304687500e+01,-6.675273132324218750e+01,-6.743209838867187500e+01,-6.995807647705078125e+01,-7.200170898437500000e+01,-7.348219299316406250e+01,-7.403007507324218750e+01,-7.601075744628906250e+01,-7.675601196289062500e+01,-7.742784118652343750e+01,-7.744923400878906250e+01,-7.818103790283203125e+01,-7.853262329101562500e+01,-7.872729492187500000e+01,-7.874523925781250000e+01,-7.891848754882812500e+01,-7.808691406250000000e+01,-7.807846069335937500e+01,-7.825823974609375000e+01,-7.821214294433593750e+01,-7.820447540283203125e+01,-7.855756378173828125e+01,-7.878901672363281250e+01,-7.900877380371093750e+01,-7.899108886718750000e+01,-7.888449096679687500e+01,-7.905877685546875000e+01,-7.898022460937500000e+01,-7.935356140136718750e+01,-7.924893188476562500e+01,-7.938023376464843750e+01
-7.949630737304687500e+01,-7.992567443847656250e+01,-7.849070739746093750e+01,-7.849070739746093750e+01,-7.849070739746093750e+01,-7.887966918945312500e+01,-7.894603729248046875e+01,-7.894603729248046875e+01,-7.894603729248046875e+01,-7.894603729248046875e+01,-7.894603729248046875e+01,-7.894603729248046875e+01,-7.894603729248046875e+01,-7.894603729248046875e+01,-7.894603729248046875e+01,-7.894603729248046875e+01,-7.894603729248046875e+01,-7.894603729248046875e+01,-7.894603729248046875e+01,-7.894603729248046875e+01,-7.894603729248046875e+01,-7.894603729248046875e+01,-7.894603729248046875e+01,-7.894603729248046875e+01,-7.894603729248046875e+01,-7.894603729248046875e+01,-7.894603729248046875e+01,-7.894603729248046875e+01,-7.894603729248046875e+01,-7.894603729248046875e+01,-7.894603729248046875e+01,-7.894603729248046875e+01,-7.894603729248046875e+01,-7.894603729248046875e+01,-7.894603729248046875e+01,-7.894603729248046875e+01,-7.894603729248046875e+01,-7.894603729248046875e+01,-7.894603729248046875e+01,-7.894603729248046875e+01,-7.894603729248046875e+01,-7.894603729248046875e+01,-7.894603729248046875e+01,-7.894603729248046875e+01,-7.894603729248046875e+01,-7.894603729248046875e+01,-7.894603729248046875e+01,-7.894603729248046875e+01,-7.894603729248046875e+01,-7.894603729248046875e+01,-7.894603729248046875e+01,-7.894603729248046875e+01,-4.921116638183593750e+01,-4.921116638183593750e+01,-4.921116638183593750e+01,-4.921116638183593750e+01,-4.921116638183593750e+01,-4.921116638183593750e+01,-4.921116638183593750e+01,-4.921116638183593750e+01,-4.921116638183593750e+01,-4.921116638183593750e+01,-4.921116638183593750e+01,-4.921116638183593750e+01,-4.921116638183593750e+01,-4.921116638183593750e+01,-4.921116638183593750e+01,-3.322373199462890625e+01,-2.296663284301757812e+01,-2.296663284301757812e+01,-2.296663284301757812e+01,-2.296663284301757812e+01,-2.296663284301757812e+01,-2.296663284301757812e+01,-2.296663284301757812e+01,-2.296663284301757812e+01,-2.296663284301757812e+01,-2.296663284301757812e+01,-2.205894088745117188e+01,-1.973421096801757812e+01,-1.497648429870605469e+01,-3.162054252624511719e+01,-3.162054252624511719e+01,-3.162054252624511719e+01,-3.162054252624511719e+01,-3.162054252624511719e+01,-3.162054252624511719e+01,-3.162054252624511719e+01,-3.162054252624511719e+01,-3.162054252624511719e+01,-3.162054252624511719e+01,-2.893820190429687500e+01,-2.893820190429687500e+01,-2.893820190429687500e+01,-4.690259170532226562e+01,-4.690259170532226562e+01,-4.690259170532226562e+01,-4.834205627441406250e+01,-4.834205627441406250e+01,-4.834205627441406250e+01,-4.834205627441406250e+01,-6.274204635620117188e+01,-6.640972900390625000e+01,-6.640972900390625000e+01,-6.640972900390625000e+01,-6.640972900390625000e+01,-6.640972900390625000e+01,-6.532621765136718750e+01,-7.447149658203125000e+01,-7.447149658203125000e+01,-7.447149658203125000e+01,-7.447149658203125000e+01,-7.447149658203125000e+01,-7.447149658203125000e+01,-7.447149658203125000e+01,-7.447149658203125000e+01,-7.447149658203125000e+01,-7.447149658203125000e+01,-7.447149658203125000e+01,-7.447149658203125000e+01,-7.447149658203125000e+01,-7.447149658203125000e+01,-7.447149658203125000e+01,-7.447149658203125000e+01,-7.447149658203125000e+01,-7.447149658203125000e+01,-7.447149658203125000e+01,-7.447149658203125000e+01,-7.447149658203125000e+01,-6.313613891601562500e+01,-7.018253326416015625e+01,-5.508968734741210938e+01,-6.031345367431640625e+01,-5.395936203002929688e+01,-5.738999176025390625e+01,-5.638018035888671875e+01,-6.208670043945312500e+01,-6.153592681884765625e+01,-6.503369140625000000e+01,-6.741056060791015625e+01,-6.782850646972656250e+01,-6.986915588378906250e+01,-7.165270996093750000e+01,-7.400918579101562500e+01,-7.419996643066406250e+01,-7.608607482910156250e+01,-7.681707763671875000e+01,-7.764482116699218750e+01,-7.774664306640625000e+01,-7.835171508789062500e+01,-7.864448547363281250e+01,-7.888412475585937500e+01,-7.890341186523437500e+01,-7.902775573730468750e+01,-7.832908630371093750e+01,-7.835482025146484375e+01,-7.847849273681640625e+01,-7.851239013671875000e+01,-7.843872833251953125e+01,-7.859393310546875000e+01,-7.881022644042968750e+01,-7.904623413085937500e+01,-7.903975677490234375e+01,-7.897277832031250000e+01,-7.916124725341796875e+01,-7.927963256835937500e+01,-7.954405212402343750e+01,-7.965527343750000000e+01,-7.965132904052734375e+01
-7.939067077636718750e+01,-7.922583007812500000e+01,-7.973782348632812500e+01,-7.973782348632812500e+01,-7.973782348632812500e+01,-7.786482238769531250e+01,-7.843282318115234375e+01,-7.843282318115234375e+01,-7.843282318115234375e+01,-7.843282318115234375e+01,-7.843282318115234375e+01,-7.843282318115234375e+01,-7.843282318115234375e+01,-7.843282318115234375e+01,-7.843282318115234375e+01,-7.843282318115234375e+01,-7.843282318115234375e+01,-7.843282318115234375e+01,-7.843282318115234375e+01,-7.843282318115234375e+01,-7.843282318115234375e+01,-7.843282318115234375e+01,-7.843282318115234375e+01,-7.843282318115234375e+01,-7.843282318115234375e+01,-7.843282318115234375e+01,-7.843282318115234375e+01,-7.843282318115234375e+01,-7.843282318115234375e+01,-7.843282318115234375e+01,-7.843282318115234375e+01,-7.843282318115234375e+01,-7.843282318115234375e+01,-7.843282318115234375e+01,-7.843282318115234375e+01,-7.843282318115234375e+01,-7.843282318115234375e+01,-7.843282318115234375e+01,-7.843282318115234375e+01,-7.843282318115234375e+01,-7.843282318115234375e+01,-7.843282318115234375e+01,-7.843282318115234375e+01,-7.843282318115234375e+01,-7.843282318115234375e+01,-7.843282318115234375e+01,-7.843282318115234375e+01,-7.843282318115234375e+01,-7.843282318115234375e+01,-7.843282318115234375e+01,-7.843282318115234375e+01,-7.843282318115234375e+01,-5.765733337402343750e+01,-5.765733337402343750e+01,-5.765733337402343750e+01,-5.765733337402343750e+01,-5.765733337402343750e+01,-5.765733337402343750e+01,-5.765733337402343750e+01,-5.765733337402343750e+01,-5.765733337402343750e+01,-5.765733337402343750e+01,-5.765733337402343750e+01,-5.765733337402343750e+01,-5.765733337402343750e+01,-5.765733337402343750e+01,-5.765733337402343750e+01,-3.789891433715820312e+01,-2.702966880798339844e+01,-2.702966880798339844e+01,-2.702966880798339844e+01,-2.702966880798339844e+01,-2.702966880798339844e+01,-2.702966880798339844e+01,-2.702966880798339844e+01,-2.702966880798339844e+01,-2.702966880798339844e+01,-2.702966880798339844e+01,-2.493026351928710938e+01,-1.669919776916503906e+01,-1.277095794677734375e+01,-2.726613998413085938e+01,-2.726613998413085938e+01,-2.726613998413085938e+01,-2.726613998413085938e+01,-2.726613998413085938e+01,-2.726613998413085938e+01,-2.726613998413085938e+01,-2.726613998413085938e+01,-2.726613998413085938e+01,-2.726613998413085938e+01,-2.632232284545898438e+01,-2.632232284545898438e+01,-2.632232284545898438e+01,-4.899482727050781250e+01,-4.899482727050781250e+01,-4.899482727050781250e+01,-4.802841186523437500e+01,-4.802841186523437500e+01,-4.802841186523437500e+01,-4.802841186523437500e+01,-6.419612884521484375e+01,-6.672232818603515625e+01,-6.672232818603515625e+01,-6.672232818603515625e+01,-6.672232818603515625e+01,-6.672232818603515625e+01,-6.647605895996093750e+01,-7.281886291503906250e+01,-7.281886291503906250e+01,-7.281886291503906250e+01,-7.281886291503906250e+01,-7.281886291503906250e+01,-7.281886291503906250e+01,-7.281886291503906250e+01,-7.281886291503906250e+01,-7.281886291503906250e+01,-7.281886291503906250e+01,-7.281886291503906250e+01,-7.281886291503906250e+01,-7.281886291503906250e+01,-7.281886291503906250e+01,-7.281886291503906250e+01,-7.281886291503906250e+01,-7.281886291503906250e+01,-7.281886291503906250e+01,-7.281886291503906250e+01,-7.281886291503906250e+01,-7.281886291503906250e+01,-6.346399307250976562e+01,-6.813125610351562500e+01,-5.797000885009765625e+01,-5.722450256347656250e+01,-5.402548599243164062e+01,-5.397775650024414062e+01,-5.312875747680664062e+01,-5.839047622680664062e+01,-5.778911590576171875e+01,-6.093991851806640625e+01,-6.210470581054687500e+01,-6.233147430419921875e+01,-6.385834121704101562e+01,-6.532579040527343750e+01,-6.620822906494140625e+01,-6.598187255859375000e+01,-6.800421142578125000e+01,-6.983271026611328125e+01,-7.041217803955078125e+01,-7.070357513427734375e+01,-7.135835266113281250e+01,-7.314662170410156250e+01,-7.288894653320312500e+01,-7.336334228515625000e+01,-7.328628540039062500e+01,-6.986871337890625000e+01,-7.086179351806640625e+01,-7.061159515380859375e+01,-7.170018005371093750e+01,-7.110961914062500000e+01,-7.260213470458984375e+01,-7.292715454101562500e+01,-7.441709136962890625e+01,-7.451782226562500000e+01,-7.506100463867187500e+01,-7.531140136718750000e+01,-7.765441894531250000e+01,-7.801882171630859375e+01,-7.827705383300781250e+01,-7.839512634277343750e+01
-7.975932312011718750e+01,-7.689459991455078125e+01,-7.954592895507812500e+01,-7.954592895507812500e+01,-7.954592895507812500e+01,-7.542433929443359375e+01,-7.872067260742187500e+01,-7.872067260742187500e+01,-7.872067260742187500e+01,-7.872067260742187500e+01,-7.872067260742187500e+01,-7.872067260742187500e+01,-7.872067260742187500e+01,-7.872067260742187500e+01,-7.872067260742187500e+01,-7.872067260742187500e+01,-7.872067260742187500e+01,-7.872067260742187500e+01,-7.872067260742187500e+01,-7.872067260742187500e+01,-7.872067260742187500e+01,-7.872067260742187500e+01,-7.872067260742187500e+01,-7.872067260742187500e+01,-7.872067260742187500e+01,-7.872067260742187500e+01,-7.872067260742187500e+01,-7.872067260742187500e+01,-7.872067260742187500e+01,-7.872067260742187500e+01,-7.872067260742187500e+01,-7.872067260742187500e+01,-7.872067260742187500e+01,-7.872067260742187500e+01,-7.872067260742187500e+01,-7.872067260742187500e+01,-7.872067260742187500e+01,-7.872067260742187500e+01,-7.872067260742187500e+01,-7.872067260742187500e+01,-7.872067260742187500e+01,-7.872067260742187500e+01,-7.872067260742187500e+01,-7.872067260742187500e+01,-7.872067260742187500e+01,-7.872067260742187500e+01,-7.872067260742187500e+01,-7.872067260742187500e+01,-7.872067260742187500e+01,-7.872067260742187500e+01,-7.872067260742187500e+01,-7.872067260742187500e+01,-5.966592407226562500e+01,-5.966592407226562500e+01,-5.966592407226562500e+01,-5.966592407226562500e+01,-5.966592407226562500e+01,-5.966592407226562500e+01,-5.966592407226562500e+01,-5.966592407226562500e+01,-5.966592407226562500e+01,-5.966592407226562500e+01,-5.966592407226562500e+01,-5.966592407226562500e+01,-5.966592407226562500e+01,-5.966592407226562500e+01,-5.966592407226562500e+01,-4.186869049072265625e+01,-2.924477577209472656e+01,-2.924477577209472656e+01,-2.924477577209472656e+01,-2.924477577209472656e+01,-2.924477577209472656e+01,-2.924477577209472656e+01,-2.924477577209472656e+01,-2.924477577209472656e+01,-2.924477577209472656e+01,-2.924477577209472656e+01,-2.846374511718750000e+01,-1.911050415039062500e+01,-1.232120323181152344e+01,-2.890359115600585938e+01,-2.890359115600585938e+01,-2.890359115600585938e+01,-2.890359115600585938e+01,-2.890359115600585938e+01,-2.890359115600585938e+01,-2.890359115600585938e+01,-2.890359115600585938e+01,-2.890359115600585938e+01,-2.890359115600585938e+01,-2.689758682250976562e+01,-2.689758682250976562e+01,-2.689758682250976562e+01,-4.904859161376953125e+01,-4.904859161376953125e+01,-4.904859161376953125e+01,-5.182674407958984375e+01,-5.182674407958984375e+01,-5.182674407958984375e+01,-5.182674407958984375e+01,-6.663593292236328125e+01,-7.072878265380859375e+01,-7.072878265380859375e+01,-7.072878265380859375e+01,-7.072878265380859375e+01,-7.072878265380859375e+01,-7.156921386718750000e+01,-7.613249206542968750e+01,-7.613249206542968750e+01,-7.613249206542968750e+01,-7.613249206542968750e+01,-7.613249206542968750e+01,-7.613249206542968750e+01,-7.613249206542968750e+01,-7.613249206542968750e+01,-7.613249206542968750e+01,-7.613249206542968750e+01,-7.613249206542968750e+01,-7.613249206542968750e+01,-7.613249206542968750e+01,-7.613249206542968750e+01,-7.613249206542968750e+01,-7.613249206542968750e+01,-7.613249206542968750e+01,-7.613249206542968750e+01,-7.613249206542968750e+01,-7.613249206542968750e+01,-7.613249206542968750e+01,-7.043708801269531250e+01,-7.296810913085937500e+01,-6.147679138183593750e+01,-6.086969375610351562e+01,-5.597973632812500000e+01,-5.704729461669921875e+01,-5.660558319091796875e+01,-6.297417449951171875e+01,-6.178577804565429688e+01,-6.483306884765625000e+01,-6.694073486328125000e+01,-6.625317382812500000e+01,-6.873637390136718750e+01,-6.897134399414062500e+01,-7.085662841796875000e+01,-6.978895568847656250e+01,-7.211873626708984375e+01,-7.208637237548828125e+01,-7.353108215332031250e+01,-7.294274902343750000e+01,-7.404214477539062500e+01,-7.440679931640625000e+01,-7.522611236572265625e+01,-7.523295593261718750e+01,-7.584773254394531250e+01,-7.466438293457031250e+01,-7.417559814453125000e+01,-7.446582031250000000e+01,-7.492246246337890625e+01,-7.426121520996093750e+01,-7.480772399902343750e+01,-7.536391448974609375e+01,-7.676460266113281250e+01,-7.664212799072265625e+01,-7.611997985839843750e+01,-7.601481628417968750e+01,-7.743402099609375000e+01,-7.863432312011718750e+01,-7.926004028320312500e+01,-7.915731811523437500e+01
-7.970086669921875000e+01,-7.349323272705078125e+01,-6.696499633789062500e+01,-6.696499633789062500e+01,-6.696499633789062500e+01,-6.862297058105468750e+01,-7.705339050292968750e+01,-7.705339050292968750e+01,-7.705339050292968750e+01,-7.705339050292968750e+01,-7.705339050292968750e+01,-7.705339050292968750e+01,-7.705339050292968750e+01,-7.705339050292968750e+01,-7.705339050292968750e+01,-7.705339050292968750e+01,-7.705339050292968750e+01,-7.705339050292968750e+01,-7.705339050292968750e+01,-7.705339050292968750e+01,-7.705339050292968750e+01,-7.705339050292968750e+01,-7.705339050292968750e+01,-7.705339050292968750e+01,-7.705339050292968750e+01,-7.705339050292968750e+01,-7.705339050292968750e+01,-7.705339050292968750e+01,-7.705339050292968750e+01,-7.705339050292968750e+01,-7.705339050292968750e+01,-7.705339050292968750e+01,-7.705339050292968750e+01,-7.705339050292968750e+01,-7.705339050292968750e+01,-7.705339050292968750e+01,-7.705339050292968750e+01,-7.705339050292968750e+01,-7.705339050292968750e+01,-7.705339050292968750e+01,-7.705339050292968750e+01,-7.705339050292968750e+01,-7.705339050292968750e+01,-7.705339050292968750e+01,-7.705339050292968750e+01,-7.705339050292968750e+01,-7.705339050292968750e+01,-7.705339050292968750e+01,-7.705339050292968750e+01,-7.705339050292968750e+01,-7.705339050292968750e+01,-7.705339050292968750e+01,-6.039256668090820312e+01,-6.039256668090820312e+01,-6.039256668090820312e+01,-6.039256668090820312e+01,-6.039256668090820312e+01,-6.039256668090820312e+01,-6.039256668090820312e+01,-6.039256668090820312e+01,-6.039256668090820312e+01,-6.039256668090820312e+01,-6.039256668090820312e+01,-6.039256668090820312e+01,-6.039256668090820312e+01,-6.039256668090820312e+01,-6.039256668090820312e+01,-4.810089492797851562e+01,-3.391317749023437500e+01,-3.391317749023437500e+01,-3.391317749023437500e+01,-3.391317749023437500e+01,-3.391317749023437500e+01,-3.391317749023437500e+01,-3.391317749023437500e+01,-3.391317749023437500e+01,-3.391317749023437500e+01,-3.391317749023437500e+01,-2.528115081787109375e+01,-1.671047210693359375e+01,-1.045883369445800781e+01,-2.595141220092773438e+01,-2.595141220092773438e+01,-2.595141220092773438e+01,-2.595141220092773438e+01,-2.595141220092773438e+01,-2.595141220092773438e+01,-2.595141220092773438e+01,-2.595141220092773438e+01,-2.595141220092773438e+01,-2.595141220092773438e+01,-2.266113281250000000e+01,-2.266113281250000000e+01,-2.266113281250000000e+01,-4.736297225952148438e+01,-4.736297225952148438e+01,-4.736297225952148438e+01,-4.668107604980468750e+01,-4.668107604980468750e+01,-4.668107604980468750e+01,-4.668107604980468750e+01,-6.698667144775390625e+01,-6.919638061523437500e+01,-6.919638061523437500e+01,-6.919638061523437500e+01,-6.919638061523437500e+01,-6.919638061523437500e+01,-7.258269500732421875e+01,-7.639059448242187500e+01,-7.639059448242187500e+01,-7.639059448242187500e+01,-7.639059448242187500e+01,-7.639059448242187500e+01,-7.639059448242187500e+01,-7.639059448242187500e+01,-7.639059448242187500e+01,-7.639059448242187500e+01,-7.639059448242187500e+01,-7.639059448242187500e+01,-7.639059448242187500e+01,-7.639059448242187500e+01,-7.639059448242187500e+01,-7.639059448242187500e+01,-7.639059448242187500e+01,-7.639059448242187500e+01,-7.639059448242187500e+01,-7.639059448242187500e+01,-7.639059448242187500e+01,-7.639059448242187500e+01,-7.005836486816406250e+01,-7.160014343261718750e+01,-5.946856689453125000e+01,-5.944051361083984375e+01,-5.488308715820312500e+01,-5.547099685668945312e+01,-5.513171386718750000e+01,-6.221031188964843750e+01,-6.074921035766601562e+01,-6.445529174804687500e+01,-6.680871582031250000e+01,-6.622674560546875000e+01,-6.798703002929687500e+01,-6.904565429687500000e+01,-7.017416381835937500e+01,-6.912692260742187500e+01,-7.068653869628906250e+01,-7.134951019287109375e+01,-7.205122375488281250e+01,-7.082316589355468750e+01,-7.182714843750000000e+01,-7.299877929687500000e+01,-7.347631835937500000e+01,-7.378173828125000000e+01,-7.418091583251953125e+01,-7.182653045654296875e+01,-7.244554138183593750e+01,-7.180856323242187500e+01,-7.309275817871093750e+01,-7.183340454101562500e+01,-7.367314147949218750e+01,-7.357363891601562500e+01,-7.580085754394531250e+01,-7.494253540039062500e+01,-7.518803405761718750e+01,-7.505340576171875000e+01,-7.643273925781250000e+01,-7.753660583496093750e+01,-7.827032470703125000e+01,-7.753644561767578125e+01
-7.976637268066406250e+01,-7.631665039062500000e+01,-7.111598205566406250e+01,-7.111598205566406250e+01,-7.111598205566406250e+01,-6.678746032714843750e+01,-7.826934051513671875e+01,-7.826934051513671875e+01,-7.826934051513671875e+01,-7.826934051513671875e+01,-7.826934051513671875e+01,-7.826934051513671875e+01,-7.826934051513671875e+01,-7.826934051513671875e+01,-7.826934051513671875e+01,-7.826934051513671875e+01,-7.826934051513671875e+01,-7.826934051513671875e+01,-7.826934051513671875e+01,-7.826934051513671875e+01,-7.826934051513671875e+01,-7.826934051513671875e+01,-7.826934051513671875e+01,-7.826934051513671875e+01,-7.826934051513671875e+01,-7.826934051513671875e+01,-7.826934051513671875e+01,-7.826934051513671875e+01,-7.826934051513671875e+01,-7.826934051513671875e+01,-7.826934051513671875e+01,-7.826934051513671875e+01,-7.826934051513671875e+01,-7.826934051513671875e+01,-7.826934051513671875e+01,-7.826934051513671875e+01,-7.826934051513671875e+01,-7.826934051513671875e+01,-7.826934051513671875e+01,-7.826934051513671875e+01,-7.826934051513671875e+01,-7.826934051513671875e+01,-7.826934051513671875e+01,-7.826934051513671875e+01,-7.826934051513671875e+01,-7.826934051513671875e+01,-7.826934051513671875e+01,-7.826934051513671875e+01,-7.826934051513671875e+01,-7.826934051513671875e+01,-7.826934051513671875e+01,-7.826934051513671875e+01,-6.608647918701171875e+01,-6.608647918701171875e+01,-6.608647918701171875e+01,-6.608647918701171875e+01,-6.608647918701171875e+01,-6.608647918701171875e+01,-6.608647918701171875e+01,-6.608647918701171875e+01,-6.608647918701171875e+01,-6.608647918701171875e+01,-6.608647918701171875e+01,-6.608647918701171875e+01,-6.608647918701171875e+01,-6.608647918701171875e+01,-6.608647918701171875e+01,-4.244486236572265625e+01,-3.601050186157226562e+01,-3.601050186157226562e+01,-3.601050186157226562e+01,-3.601050186157226562e+01,-3.601050186157226562e+01,-3.601050186157226562e+01,-3.601050186157226562e+01,-3.601050186157226562e+01,-3.601050186157226562e+01,-3.601050186157226562e+01,-2.599132919311523438e+01,-2.014454650878906250e+01,-1.494192886352539062e+01,-2.229592704772949219e+01,-2.229592704772949219e+01,-2.229592704772949219e+01,-2.229592704772949219e+01,-2.229592704772949219e+01,-2.229592704772949219e+01,-2.229592704772949219e+01,-2.229592704772949219e+01,-2.229592704772949219e+01,-2.229592704772949219e+01,-2.525174140930175781e+01,-2.525174140930175781e+01,-2.525174140930175781e+01,-4.031024551391601562e+01,-4.031024551391601562e+01,-4.031024551391601562e+01,-4.756641387939453125e+01,-4.756641387939453125e+01,-4.756641387939453125e+01,-4.756641387939453125e+01,-6.331954956054687500e+01,-7.001316070556640625e+01,-7.001316070556640625e+01,-7.001316070556640625e+01,-7.001316070556640625e+01,-7.001316070556640625e+01,-6.979808044433593750e+01,-7.558981323242187500e+01,-7.558981323242187500e+01,-7.558981323242187500e+01,-7.558981323242187500e+01,-7.558981323242187500e+01,-7.558981323242187500e+01,-7.558981323242187500e+01,-7.558981323242187500e+01,-7.558981323242187500e+01,-7.558981323242187500e+01,-7.558981323242187500e+01,-7.558981323242187500e+01,-7.558981323242187500e+01,-7.558981323242187500e+01,-7.558981323242187500e+01,-7.558981323242187500e+01,-7.558981323242187500e+01,-7.558981323242187500e+01,-7.558981323242187500e+01,-7.558981323242187500e+01,-7.558981323242187500e+01,-6.556632995605468750e+01,-6.887447357177734375e+01,-5.533291244506835938e+01,-5.439285278320312500e+01,-5.035299682617187500e+01,-5.065748596191406250e+01,-4.960503005981445312e+01,-5.598594284057617188e+01,-5.523549652099609375e+01,-5.871714019775390625e+01,-6.086920928955078125e+01,-6.058798217773437500e+01,-6.379345703125000000e+01,-6.481253051757812500e+01,-6.737641906738281250e+01,-6.636252593994140625e+01,-6.962747955322265625e+01,-7.060226440429687500e+01,-7.167612457275390625e+01,-7.076516723632812500e+01,-7.285648345947265625e+01,-7.342023468017578125e+01,-7.392884826660156250e+01,-7.285682678222656250e+01,-7.384752655029296875e+01,-6.921577453613281250e+01,-6.893191528320312500e+01,-7.006245422363281250e+01,-7.054152679443359375e+01,-7.054340362548828125e+01,-7.142275238037109375e+01,-7.279542541503906250e+01,-7.438034057617187500e+01,-7.403805541992187500e+01,-7.326443481445312500e+01,-7.488504791259765625e+01,-7.516346740722656250e+01,-7.783157348632812500e+01,-7.737718200683593750e+01,-7.766262054443359375e+01
-7.813690185546875000e+01,-7.959060668945312500e+01,-6.883765411376953125e+01,-6.883765411376953125e+01,-6.883765411376953125e+01,-7.907456970214843750e+01,-7.966122436523437500e+01,-7.966122436523437500e+01,-7.966122436523437500e+01,-7.966122436523437500e+01,-7.966122436523437500e+01,-7.966122436523437500e+01,-7.966122436523437500e+01,-7.966122436523437500e+01,-7.966122436523437500e+01,-7.966122436523437500e+01,-7.966122436523437500e+01,-7.966122436523437500e+01,-7.966122436523437500e+01,-7.966122436523437500e+01,-7.966122436523437500e+01,-7.966122436523437500e+01,-7.966122436523437500e+01,-7.966122436523437500e+01,-7.966122436523437500e+01,-7.966122436523437500e+01,-7.966122436523437500e+01,-7.966122436523437500e+01,-7.966122436523437500e+01,-7.966122436523437500e+01,-7.966122436523437500e+01,-7.966122436523437500e+01,-7.966122436523437500e+01,-7.966122436523437500e+01,-7.966122436523437500e+01,-7.966122436523437500e+01,-7.966122436523437500e+01,-7.966122436523437500e+01,-7.966122436523437500e+01,-7.966122436523437500e+01,-7.966122436523437500e+01,-7.966122436523437500e+01,-7.966122436523437500e+01,-7.966122436523437500e+01,-7.966122436523437500e+01,-7.966122436523437500e+01,-7.966122436523437500e+01,-7.966122436523437500e+01,-7.966122436523437500e+01,-7.966122436523437500e+01,-7.966122436523437500e+01,-7.966122436523437500e+01,-6.966506195068359375e+01,-6.966506195068359375e+01,-6.966506195068359375e+01,-6.966506195068359375e+01,-6.966506195068359375e+01,-6.966506195068359375e+01,-6.966506195068359375e+01,-6.966506195068359375e+01,-6.966506195068359375e+01,-6.966506195068359375e+01,-6.966506195068359375e+01,-6.966506195068359375e+01,-6.966506195068359375e+01,-6.966506195068359375e+01,-6.966506195068359375e+01,-4.300900650024414062e+01,-3.007816123962402344e+01,-3.007816123962402344e+01,-3.007816123962402344e+01,-3.007816123962402344e+01,-3.007816123962402344e+01,-3.007816123962402344e+01,-3.007816123962402344e+01,-3.007816123962402344e+01,-3.007816123962402344e+01,-3.007816123962402344e+01,-2.181962394714355469e+01,-1.585982894897460938e+01,-1.173211097717285156e+01,-2.471088981628417969e+01,-2.471088981628417969e+01,-2.471088981628417969e+01,-2.471088981628417969e+01,-2.471088981628417969e+01,-2.471088981628417969e+01,-2.471088981628417969e+01,-2.471088981628417969e+01,-2.471088981628417969e+01,-2.471088981628417969e+01,-2.714487075805664062e+01,-2.714487075805664062e+01,-2.714487075805664062e+01,-4.749474716186523438e+01,-4.749474716186523438e+01,-4.749474716186523438e+01,-5.388629150390625000e+01,-5.388629150390625000e+01,-5.388629150390625000e+01,-5.388629150390625000e+01,-6.884288787841796875e+01,-7.151494598388671875e+01,-7.151494598388671875e+01,-7.151494598388671875e+01,-7.151494598388671875e+01,-7.151494598388671875e+01,-7.249298858642578125e+01,-7.583804321289062500e+01,-7.583804321289062500e+01,-7.583804321289062500e+01,-7.583804321289062500e+01,-7.583804321289062500e+01,-7.583804321289062500e+01,-7.583804321289062500e+01,-7.583804321289062500e+01,-7.583804321289062500e+01,-7.583804321289062500e+01,-7.583804321289062500e+01,-7.583804321289062500e+01,-7.583804321289062500e+01,-7.583804321289062500e+01,-7.583804321289062500e+01,-7.583804321289062500e+01,-7.583804321289062500e+01,-7.583804321289062500e+01,-7.583804321289062500e+01,-7.583804321289062500e+01,-7.583804321289062500e+01,-7.002488708496093750e+01,-7.039002227783203125e+01,-5.939935302734375000e+01,-5.696175384521484375e+01,-5.320076751708984375e+01,-5.237524414062500000e+01,-5.193650054931640625e+01,-5.628430938720703125e+01,-5.620714950561523438e+01,-5.809960174560546875e+01,-5.841762924194335938e+01,-5.807149505615234375e+01,-5.964916229248046875e+01,-6.289080429077148438e+01,-6.532759094238281250e+01,-6.500950622558593750e+01,-6.805606842041015625e+01,-7.028627014160156250e+01,-7.159639739990234375e+01,-7.092174530029296875e+01,-7.278895568847656250e+01,-7.414100646972656250e+01,-7.493707275390625000e+01,-7.440303039550781250e+01,-7.503121948242187500e+01,-7.075981140136718750e+01,-7.015014648437500000e+01,-7.140388488769531250e+01,-7.155809783935546875e+01,-7.226042175292968750e+01,-7.290804290771484375e+01,-7.425978851318359375e+01,-7.501554870605468750e+01,-7.596379089355468750e+01,-7.569537353515625000e+01,-7.585687255859375000e+01,-7.725072479248046875e+01,-7.811492919921875000e+01,-7.813423156738281250e+01,-7.847045135498046875e+01
-7.897419738769531250e+01,-7.584213256835937500e+01,-7.948289489746093750e+01,-7.948289489746093750e+01,-7.948289489746093750e+01,-7.602011108398437500e+01,-7.919178771972656250e+01,-7.919178771972656250e+01,-7.919178771972656250e+01,-7.919178771972656250e+01,-7.919178771972656250e+01,-7.919178771972656250e+01,-7.919178771972656250e+01,-7.919178771972656250e+01,-7.919178771972656250e+01,-7.919178771972656250e+01,-7.919178771972656250e+01,-7.919178771972656250e+01,-7.919178771972656250e+01,-7.919178771972656250e+01,-7.919178771972656250e+01,-7.919178771972656250e+01,-7.919178771972656250e+01,-7.919178771972656250e+01,-7.919178771972656250e+01,-7.919178771972656250e+01,-7.919178771972656250e+01,-7.919178771972656250e+01,-7.919178771972656250e+01,-7.919178771972656250e+01,-7.919178771972656250e+01,-7.919178771972656250e+01,-7.919178771972656250e+01,-7.919178771972656250e+01,-7.919178771972656250e+01,-7.919178771972656250e+01,-7.919178771972656250e+01,-7.919178771972656250e+01,-7.919178771972656250e+01,-7.919178771972656250e+01,-7.919178771972656250e+01,-7.919178771972656250e+01,-7.919178771972656250e+01,-7.919178771972656250e+01,-7.919178771972656250e+01,-7.919178771972656250e+01,-7.919178771972656250e+01,-7.919178771972656250e+01,-7.919178771972656250e+01,-7.919178771972656250e+01,-7.919178771972656250e+01,-7.919178771972656250e+01,-7.015795898437500000e+01,-7.015795898437500000e+01,-7.015795898437500000e+01,-7.015795898437500000e+01,-7.015795898437500000e+01,-7.015795898437500000e+01,-7.015795898437500000e+01,-7.015795898437500000e+01,-7.015795898437500000e+01,-7.015795898437500000e+01,-7.015795898437500000e+01,-7.015795898437500000e+01,-7.015795898437500000e+01,-7.015795898437500000e+01,-7.015795898437500000e+01,-5.183977508544921875e+01,-4.170564651489257812e+01,-4.170564651489257812e+01,-4.170564651489257812e+01,-4.170564651489257812e+01,-4.170564651489257812e+01,-4.170564651489257812e+01,-4.170564651489257812e+01,-4.170564651489257812e+01,-4.170564651489257812e+01,-4.170564651489257812e+01,-2.802336883544921875e+01,-2.098154067993164062e+01,-1.765397071838378906e+01,-2.906314086914062500e+01,-2.906314086914062500e+01,-2.906314086914062500e+01,-2.906314086914062500e+01,-2.906314086914062500e+01,-2.906314086914062500e+01,-2.906314086914062500e+01,-2.906314086914062500e+01,-2.906314086914062500e+01,-2.906314086914062500e+01,-2.939550018310546875e+01,-2.939550018310546875e+01,-2.939550018310546875e+01,-4.741120529174804688e+01,-4.741120529174804688e+01,-4.741120529174804688e+01,-5.150159835815429688e+01,-5.150159835815429688e+01,-5.150159835815429688e+01,-5.150159835815429688e+01,-6.654882049560546875e+01,-6.879320526123046875e+01,-6.879320526123046875e+01,-6.879320526123046875e+01,-6.879320526123046875e+01,-6.879320526123046875e+01,-7.197138214111328125e+01,-7.513478088378906250e+01,-7.513478088378906250e+01,-7.513478088378906250e+01,-7.513478088378906250e+01,-7.513478088378906250e+01,-7.513478088378906250e+01,-7.513478088378906250e+01,-7.513478088378906250e+01,-7.513478088378906250e+01,-7.513478088378906250e+01,-7.513478088378906250e+01,-7.513478088378906250e+01,-7.513478088378906250e+01,-7.513478088378906250e+01,-7.513478088378906250e+01,-7.513478088378906250e+01,-7.513478088378906250e+01,-7.513478088378906250e+01,-7.513478088378906250e+01,-7.513478088378906250e+01,-7.513478088378906250e+01,-6.937614440917968750e+01,-6.948147583007812500e+01,-5.763708877563476562e+01,-5.699190521240234375e+01,-5.272126007080078125e+01,-5.454490661621093750e+01,-5.313827896118164062e+01,-5.950834655761718750e+01,-5.718151092529296875e+01,-6.019999313354492188e+01,-6.204969787597656250e+01,-6.081699371337890625e+01,-6.470748901367187500e+01,-6.661684417724609375e+01,-6.958326721191406250e+01,-6.923417663574218750e+01,-7.284101104736328125e+01,-7.391825866699218750e+01,-7.547467803955078125e+01,-7.518321228027343750e+01,-7.670455932617187500e+01,-7.713945007324218750e+01,-7.784706115722656250e+01,-7.772583007812500000e+01,-7.821327209472656250e+01,-7.672625732421875000e+01,-7.641445922851562500e+01,-7.720205688476562500e+01,-7.686407470703125000e+01,-7.758915710449218750e+01,-7.765975952148437500e+01,-7.844393920898437500e+01,-7.832232666015625000e+01,-7.876431274414062500e+01,-7.851251220703125000e+01,-7.884080505371093750e+01,-7.918661499023437500e+01,-7.967807006835937500e+01,-7.960336303710937500e+01,-7.974883270263671875e+01
-7.980314636230468750e+01,-7.615608978271484375e+01,-7.843486022949218750e+01,-7.843486022949218750e+01,-7.843486022949218750e+01,-7.769699096679687500e+01,-7.479730987548828125e+01,-7.479730987548828125e+01,-7.479730987548828125e+01,-7.479730987548828125e+01,-7.479730987548828125e+01,-7.479730987548828125e+01,-7.479730987548828125e+01,-7.479730987548828125e+01,-7.479730987548828125e+01,-7.479730987548828125e+01,-7.479730987548828125e+01,-7.479730987548828125e+01,-7.479730987548828125e+01,-7.479730987548828125e+01,-7.479730987548828125e+01,-7.479730987548828125e+01,-7.479730987548828125e+01,-7.479730987548828125e+01,-7.479730987548828125e+01,-7.479730987548828125e+01,-7.479730987548828125e+01,-7.479730987548828125e+01,-7.479730987548828125e+01,-7.479730987548828125e+01,-7.479730987548828125e+01,-7.479730987548828125e+01,-7.479730987548828125e+01,-7.479730987548828125e+01,-7.479730987548828125e+01,-7.479730987548828125e+01,-7.479730987548828125e+01,-7.479730987548828125e+01,-7.479730987548828125e+01,-7.479730987548828125e+01,-7.479730987548828125e+01,-7.479730987548828125e+01,-7.479730987548828125e+01,-7.479730987548828125e+01,-7.479730987548828125e+01,-7.479730987548828125e+01,-7.479730987548828125e+01,-7.479730987548828125e+01,-7.479730987548828125e+01,-7.479730987548828125e+01,-7.479730987548828125e+01,-7.479730987548828125e+01,-7.036241149902343750e+01,-7.036241149902343750e+01,-7.036241149902343750e+01,-7.036241149902343750e+01,-7.036241149902343750e+01,-7.036241149902343750e+01,-7.036241149902343750e+01,-7.036241149902343750e+01,-7.036241149902343750e+01,-7.036241149902343750e+01,-7.036241149902343750e+01,-7.036241149902343750e+01,-7.036241149902343750e+01,-7.036241149902343750e+01,-7.036241149902343750e+01,-4.965491104125976562e+01,-4.226512908935546875e+01,-4.226512908935546875e+01,-4.226512908935546875e+01,-4.226512908935546875e+01,-4.226512908935546875e+01,-4.226512908935546875e+01,-4.226512908935546875e+01,-4.226512908935546875e+01,-4.226512908935546875e+01,-4.226512908935546875e+01,-3.214589691162109375e+01,-2.098730468750000000e+01,-2.056896781921386719e+01,-2.615539550781250000e+01,-2.615539550781250000e+01,-2.615539550781250000e+01,-2.615539550781250000e+01,-2.615539550781250000e+01,-2.615539550781250000e+01,-2.615539550781250000e+01,-2.615539550781250000e+01,-2.615539550781250000e+01,-2.615539550781250000e+01,-3.332519912719726562e+01,-3.332519912719726562e+01,-3.332519912719726562e+01,-3.841014480590820312e+01,-3.841014480590820312e+01,-3.841014480590820312e+01,-5.122651290893554688e+01,-5.122651290893554688e+01,-5.122651290893554688e+01,-5.122651290893554688e+01,-6.052008819580078125e+01,-6.921636962890625000e+01,-6.921636962890625000e+01,-6.921636962890625000e+01,-6.921636962890625000e+01,-6.921636962890625000e+01,-7.145793914794921875e+01,-7.538663482666015625e+01,-7.538663482666015625e+01,-7.538663482666015625e+01,-7.538663482666015625e+01,-7.538663482666015625e+01,-7.538663482666015625e+01,-7.538663482666015625e+01,-7.538663482666015625e+01,-7.538663482666015625e+01,-7.538663482666015625e+01,-7.538663482666015625e+01,-7.538663482666015625e+01,-7.538663482666015625e+01,-7.538663482666015625e+01,-7.538663482666015625e+01,-7.538663482666015625e+01,-7.538663482666015625e+01,-7.538663482666015625e+01,-7.538663482666015625e+01,-7.538663482666015625e+01,-7.538663482666015625e+01,-7.017419433593750000e+01,-7.040182495117187500e+01,-5.867838668823242188e+01,-5.832273864746093750e+01,-5.312963104248046875e+01,-5.508807754516601562e+01,-5.371447372436523438e+01,-6.055085754394531250e+01,-5.860902404785156250e+01,-6.147340774536132812e+01,-6.373611068725585938e+01,-6.338631439208984375e+01,-6.561297607421875000e+01,-6.847097778320312500e+01,-7.029711914062500000e+01,-7.058258056640625000e+01,-7.280509948730468750e+01,-7.446962738037109375e+01,-7.502219390869140625e+01,-7.479575347900390625e+01,-7.589117431640625000e+01,-7.676132202148437500e+01,-7.716374206542968750e+01,-7.673865509033203125e+01,-7.734950256347656250e+01,-7.589450073242187500e+01,-7.574198913574218750e+01,-7.644887542724609375e+01,-7.612232971191406250e+01,-7.676849365234375000e+01,-7.677148437500000000e+01,-7.720870971679687500e+01,-7.706030273437500000e+01,-7.768841552734375000e+01,-7.762184143066406250e+01,-7.725484466552734375e+01,-7.852650451660156250e+01,-7.871841430664062500e+01,-7.832687377929687500e+01,-7.855642700195312500e+01
-7.841474914550781250e+01,-7.366905212402343750e+01,-7.375267028808593750e+01,-7.375267028808593750e+01,-7.375267028808593750e+01,-7.911740112304687500e+01,-7.665093994140625000e+01,-7.665093994140625000e+01,-7.665093994140625000e+01,-7.665093994140625000e+01,-7.665093994140625000e+01,-7.665093994140625000e+01,-7.665093994140625000e+01,-7.665093994140625000e+01,-7.665093994140625000e+01,-7.665093994140625000e+01,-7.665093994140625000e+01,-7.665093994140625000e+01,-7.665093994140625000e+01,-7.665093994140625000e+01,-7.665093994140625000e+01,-7.665093994140625000e+01,-7.665093994140625000e+01,-7.665093994140625000e+01,-7.665093994140625000e+01,-7.665093994140625000e+01,-7.665093994140625000e+01,-7.665093994140625000e+01,-7.665093994140625000e+01,-7.665093994140625000e+01,-7.665093994140625000e+01,-7.665093994140625000e+01,-7.665093994140625000e+01,-7.665093994140625000e+01,-7.665093994140625000e+01,-7.665093994140625000e+01,-7.665093994140625000e+01,-7.665093994140625000e+01,-7.665093994140625000e+01,-7.665093994140625000e+01,-7.665093994140625000e+01,-7.665093994140625000e+01,-7.665093994140625000e+01,-7.665093994140625000e+01,-7.665093994140625000e+01,-7.665093994140625000e+01,-7.665093994140625000e+01,-7.665093994140625000e+01,-7.665093994140625000e+01,-7.665093994140625000e+01,-7.665093994140625000e+01,-7.665093994140625000e+01,-7.226966857910156250e+01,-7.226966857910156250e+01,-7.226966857910156250e+01,-7.226966857910156250e+01,-7.226966857910156250e+01,-7.226966857910156250e+01,-7.226966857910156250e+01,-7.226966857910156250e+01,-7.226966857910156250e+01,-7.226966857910156250e+01,-7.226966857910156250e+01,-7.226966857910156250e+01,-7.226966857910156250e+01,-7.226966857910156250e+01,-7.226966857910156250e+01,-5.395952606201171875e+01,-4.400599670410156250e+01,-4.400599670410156250e+01,-4.400599670410156250e+01,-4.400599670410156250e+01,-4.400599670410156250e+01,-4.400599670410156250e+01,-4.400599670410156250e+01,-4.400599670410156250e+01,-4.400599670410156250e+01,-4.400599670410156250e+01,-3.125809478759765625e+01,-2.284837532043457031e+01,-2.277808952331542969e+01,-2.362132072448730469e+01,-2.362132072448730469e+01,-2.362132072448730469e+01,-2.362132072448730469e+01,-2.362132072448730469e+01,-2.362132072448730469e+01,-2.362132072448730469e+01,-2.362132072448730469e+01,-2.362132072448730469e+01,-2.362132072448730469e+01,-3.406055068969726562e+01,-3.406055068969726562e+01,-3.406055068969726562e+01,-3.520765686035156250e+01,-3.520765686035156250e+01,-3.520765686035156250e+01,-5.331901168823242188e+01,-5.331901168823242188e+01,-5.331901168823242188e+01,-5.331901168823242188e+01,-5.587954330444335938e+01,-6.853049468994140625e+01,-6.853049468994140625e+01,-6.853049468994140625e+01,-6.853049468994140625e+01,-6.853049468994140625e+01,-6.678326416015625000e+01,-7.258419799804687500e+01,-7.258419799804687500e+01,-7.258419799804687500e+01,-7.258419799804687500e+01,-7.258419799804687500e+01,-7.258419799804687500e+01,-7.258419799804687500e+01,-7.258419799804687500e+01,-7.258419799804687500e+01,-7.258419799804687500e+01,-7.258419799804687500e+01,-7.258419799804687500e+01,-7.258419799804687500e+01,-7.258419799804687500e+01,-7.258419799804687500e+01,-7.258419799804687500e+01,-7.258419799804687500e+01,-7.258419799804687500e+01,-7.258419799804687500e+01,-7.258419799804687500e+01,-7.258419799804687500e+01,-6.538322448730468750e+01,-6.699183654785156250e+01,-5.550219726562500000e+01,-5.411196899414062500e+01,-5.176032257080078125e+01,-5.067913436889648438e+01,-4.988941192626953125e+01,-5.549424743652343750e+01,-5.442520141601562500e+01,-5.818201828002929688e+01,-5.984923553466796875e+01,-5.971577453613281250e+01,-6.243701934814453125e+01,-6.575675964355468750e+01,-6.811575317382812500e+01,-6.852973937988281250e+01,-7.124227905273437500e+01,-7.262528991699218750e+01,-7.322140502929687500e+01,-7.320310211181640625e+01,-7.462532043457031250e+01,-7.501868438720703125e+01,-7.561087799072265625e+01,-7.516477966308593750e+01,-7.599369812011718750e+01,-7.348428344726562500e+01,-7.361456298828125000e+01,-7.429869842529296875e+01,-7.453637695312500000e+01,-7.499472045898437500e+01,-7.570197296142578125e+01,-7.594288635253906250e+01,-7.600558471679687500e+01,-7.613343048095703125e+01,-7.590019989013671875e+01,-7.564268493652343750e+01,-7.669451904296875000e+01,-7.699533081054687500e+01,-7.737985229492187500e+01,-7.729865264892578125e+01
-7.966866302490234375e+01,-7.936003875732421875e+01,-7.986414337158203125e+01,-7.986414337158203125e+01,-7.986414337158203125e+01,-6.831487274169921875e+01,-7.889868164062500000e+01,-7.889868164062500000e+01,-7.889868164062500000e+01,-7.889868164062500000e+01,-7.889868164062500000e+01,-7.889868164062500000e+01,-7.889868164062500000e+01,-7.889868164062500000e+01,-7.889868164062500000e+01,-7.889868164062500000e+01,-7.889868164062500000e+01,-7.889868164062500000e+01,-7.889868164062500000e+01,-7.889868164062500000e+01,-7.889868164062500000e+01,-7.889868164062500000e+01,-7.889868164062500000e+01,-7.889868164062500000e+01,-7.889868164062500000e+01,-7.889868164062500000e+01,-7.889868164062500000e+01,-7.889868164062500000e+01,-7.889868164062500000e+01,-7.889868164062500000e+01,-7.889868164062500000e+01,-7.889868164062500000e+01,-7.889868164062500000e+01,-7.889868164062500000e+01,-7.889868164062500000e+01,-7.889868164062500000e+01,-7.889868164062500000e+01,-7.889868164062500000e+01,-7.889868164062500000e+01,-7.889868164062500000e+01,-7.889868164062500000e+01,-7.889868164062500000e+01,-7.889868164062500000e+01,-7.889868164062500000e+01,-7.889868164062500000e+01,-7.889868164062500000e+01,-7.889868164062500000e+01,-7.889868164062500000e+01,-7.889868164062500000e+01,-7.889868164062500000e+01,-7.889868164062500000e+01,-7.889868164062500000e+01,-6.749295806884765625e+01,-6.749295806884765625e+01,-6.749295806884765625e+01,-6.749295806884765625e+01,-6.749295806884765625e+01,-6.749295806884765625e+01,-6.749295806884765625e+01,-6.749295806884765625e+01,-6.749295806884765625e+01,-6.749295806884765625e+01,-6.749295806884765625e+01,-6.749295806884765625e+01,-6.749295806884765625e+01,-6.749295806884765625e+01,-6.749295806884765625e+01,-4.975242233276367188e+01,-4.535733795166015625e+01,-4.535733795166015625e+01,-4.535733795166015625e+01,-4.535733795166015625e+01,-4.535733795166015625e+01,-4.535733795166015625e+01,-4.535733795166015625e+01,-4.535733795166015625e+01,-4.535733795166015625e+01,-4.535733795166015625e+01,-3.299197006225585938e+01,-2.833765792846679688e+01,-2.486712837219238281e+01,-2.695878219604492188e+01,-2.695878219604492188e+01,-2.695878219604492188e+01,-2.695878219604492188e+01,-2.695878219604492188e+01,-2.695878219604492188e+01,-2.695878219604492188e+01,-2.695878219604492188e+01,-2.695878219604492188e+01,-2.695878219604492188e+01,-3.937178802490234375e+01,-3.937178802490234375e+01,-3.937178802490234375e+01,-3.726552581787109375e+01,-3.726552581787109375e+01,-3.726552581787109375e+01,-5.783008575439453125e+01,-5.783008575439453125e+01,-5.783008575439453125e+01,-5.783008575439453125e+01,-5.835770416259765625e+01,-7.137028503417968750e+01,-7.137028503417968750e+01,-7.137028503417968750e+01,-7.137028503417968750e+01,-7.137028503417968750e+01,-6.819252777099609375e+01,-7.498439025878906250e+01,-7.498439025878906250e+01,-7.498439025878906250e+01,-7.498439025878906250e+01,-7.498439025878906250e+01,-7.498439025878906250e+01,-7.498439025878906250e+01,-7.498439025878906250e+01,-7.498439025878906250e+01,-7.498439025878906250e+01,-7.498439025878906250e+01,-7.498439025878906250e+01,-7.498439025878906250e+01,-7.498439025878906250e+01,-7.498439025878906250e+01,-7.498439025878906250e+01,-7.498439025878906250e+01,-7.498439025878906250e+01,-7.498439025878906250e+01,-7.498439025878906250e+01,-7.498439025878906250e+01,-6.652880859375000000e+01,-6.799044799804687500e+01,-5.372233581542968750e+01,-5.163617324829101562e+01,-4.983806991577148438e+01,-4.974432373046875000e+01,-5.076705932617187500e+01,-5.850471115112304688e+01,-5.727017593383789062e+01,-6.034256744384765625e+01,-6.335954666137695312e+01,-6.383197784423828125e+01,-6.641688537597656250e+01,-7.027555084228515625e+01,-7.239268493652343750e+01,-7.340599060058593750e+01,-7.492341613769531250e+01,-7.683963012695312500e+01,-7.721731567382812500e+01,-7.747785186767578125e+01,-7.799649047851562500e+01,-7.856378173828125000e+01,-7.875462341308593750e+01,-7.869956970214843750e+01,-7.892527770996093750e+01,-7.786196899414062500e+01,-7.780506896972656250e+01,-7.818904876708984375e+01,-7.818048095703125000e+01,-7.849658203125000000e+01,-7.853914642333984375e+01,-7.887104797363281250e+01,-7.886807250976562500e+01,-7.902076721191406250e+01,-7.891945648193359375e+01,-7.914776611328125000e+01,-7.932640075683593750e+01,-7.962394714355468750e+01,-7.944208526611328125e+01,-7.956257629394531250e+01
-7.996527099609375000e+01,-7.755076599121093750e+01,-7.964019775390625000e+01,-7.964019775390625000e+01,-7.964019775390625000e+01,-7.886770629882812500e+01,-7.669454956054687500e+01,-7.669454956054687500e+01,-7.669454956054687500e+01,-7.669454956054687500e+01,-7.669454956054687500e+01,-7.669454956054687500e+01,-7.669454956054687500e+01,-7.669454956054687500e+01,-7.669454956054687500e+01,-7.669454956054687500e+01,-7.669454956054687500e+01,-7.669454956054687500e+01,-7.669454956054687500e+01,-7.669454956054687500e+01,-7.669454956054687500e+01,-7.669454956054687500e+01,-7.669454956054687500e+01,-7.669454956054687500e+01,-7.669454956054687500e+01,-7.669454956054687500e+01,-7.669454956054687500e+01,-7.669454956054687500e+01,-7.669454956054687500e+01,-7.669454956054687500e+01,-7.669454956054687500e+01,-7.669454956054687500e+01,-7.669454956054687500e+01,-7.669454956054687500e+01,-7.669454956054687500e+01,-7.669454956054687500e+01,-7.669454956054687500e+01,-7.669454956054687500e+01,-7.669454956054687500e+01,-7.669454956054687500e+01,-7.669454956054687500e+01,-7.669454956054687500e+01,-7.669454956054687500e+01,-7.669454956054687500e+01,-7.669454956054687500e+01,-7.669454956054687500e+01,-7.669454956054687500e+01,-7.669454956054687500e+01,-7.669454956054687500e+01,-7.669454956054687500e+01,-7.669454956054687500e+01,-7.669454956054687500e+01,-6.750430297851562500e+01,-6.750430297851562500e+01,-6.750430297851562500e+01,-6.750430297851562500e+01,-6.750430297851562500e+01,-6.750430297851562500e+01,-6.750430297851562500e+01,-6.750430297851562500e+01,-6.750430297851562500e+01,-6.750430297851562500e+01,-6.750430297851562500e+01,-6.750430297851562500e+01,-6.750430297851562500e+01,-6.750430297851562500e+01,-6.750430297851562500e+01,-4.523954772949218750e+01,-4.315650177001953125e+01,-4.315650177001953125e+01,-4.315650177001953125e+01,-4.315650177001953125e+01,-4.315650177001953125e+01,-4.315650177001953125e+01,-4.315650177001953125e+01,-4.315650177001953125e+01,-4.315650177001953125e+01,-4.315650177001953125e+01,-3.377510833740234375e+01,-2.044890975952148438e+01,-2.206936836242675781e+01,-1.997307014465332031e+01,-1.997307014465332031e+01,-1.997307014465332031e+01,-1.997307014465332031e+01,-1.997307014465332031e+01,-1.997307014465332031e+01,-1.997307014465332031e+01,-1.997307014465332031e+01,-1.997307014465332031e+01,-1.997307014465332031e+01,-3.711153411865234375e+01,-3.711153411865234375e+01,-3.711153411865234375e+01,-3.524163818359375000e+01,-3.524163818359375000e+01,-3.524163818359375000e+01,-5.964108657836914062e+01,-5.964108657836914062e+01,-5.964108657836914062e+01,-5.964108657836914062e+01,-5.710235214233398438e+01,-7.140342712402343750e+01,-7.140342712402343750e+01,-7.140342712402343750e+01,-7.140342712402343750e+01,-7.140342712402343750e+01,-6.816757202148437500e+01,-7.494661712646484375e+01,-7.494661712646484375e+01,-7.494661712646484375e+01,-7.494661712646484375e+01,-7.494661712646484375e+01,-7.494661712646484375e+01,-7.494661712646484375e+01,-7.494661712646484375e+01,-7.494661712646484375e+01,-7.494661712646484375e+01,-7.494661712646484375e+01,-7.494661712646484375e+01,-7.494661712646484375e+01,-7.494661712646484375e+01,-7.494661712646484375e+01,-7.494661712646484375e+01,-7.494661712646484375e+01,-7.494661712646484375e+01,-7.494661712646484375e+01,-7.494661712646484375e+01,-7.494661712646484375e+01,-6.876795196533203125e+01,-7.034229278564453125e+01,-5.943733215332031250e+01,-5.523843765258789062e+01,-5.093244552612304688e+01,-4.848770523071289062e+01,-4.890813446044921875e+01,-5.440885543823242188e+01,-5.334798812866210938e+01,-5.617893218994140625e+01,-5.964256286621093750e+01,-5.972957611083984375e+01,-6.247777557373046875e+01,-6.562826538085937500e+01,-6.736850738525390625e+01,-6.854005432128906250e+01,-7.013287353515625000e+01,-7.199114990234375000e+01,-7.234373474121093750e+01,-7.274644470214843750e+01,-7.316378021240234375e+01,-7.401296997070312500e+01,-7.407047271728515625e+01,-7.366891479492187500e+01,-7.393531799316406250e+01,-7.193473815917968750e+01,-7.239761352539062500e+01,-7.257348632812500000e+01,-7.339321899414062500e+01,-7.356002807617187500e+01,-7.391042327880859375e+01,-7.438484191894531250e+01,-7.439065551757812500e+01,-7.459955596923828125e+01,-7.450541687011718750e+01,-7.480058288574218750e+01,-7.593257141113281250e+01,-7.688581848144531250e+01,-7.520176696777343750e+01,-7.555195617675781250e+01
-7.995172119140625000e+01,-7.992825317382812500e+01,-7.984011840820312500e+01,-7.984011840820312500e+01,-7.984011840820312500e+01,-7.925522613525390625e+01,-7.866674804687500000e+01,-7.866674804687500000e+01,-7.866674804687500000e+01,-7.866674804687500000e+01,-7.866674804687500000e+01,-7.866674804687500000e+01,-7.866674804687500000e+01,-7.866674804687500000e+01,-7.866674804687500000e+01,-7.866674804687500000e+01,-7.866674804687500000e+01,-7.866674804687500000e+01,-7.866674804687500000e+01,-7.866674804687500000e+01,-7.866674804687500000e+01,-7.866674804687500000e+01,-7.866674804687500000e+01,-7.866674804687500000e+01,-7.866674804687500000e+01,-7.866674804687500000e+01,-7.866674804687500000e+01,-7.866674804687500000e+01,-7.866674804687500000e+01,-7.866674804687500000e+01,-7.866674804687500000e+01,-7.866674804687500000e+01,-7.866674804687500000e+01,-7.866674804687500000e+01,-7.866674804687500000e+01,-7.866674804687500000e+01,-7.866674804687500000e+01,-7.866674804687500000e+01,-7.866674804687500000e+01,-7.866674804687500000e+01,-7.866674804687500000e+01,-7.866674804687500000e+01,-7.866674804687500000e+01,-7.866674804687500000e+01,-7.866674804687500000e+01,-7.866674804687500000e+01,-7.866674804687500000e+01,-7.866674804687500000e+01,-7.866674804687500000e+01,-7.866674804687500000e+01,-7.866674804687500000e+01,-7.866674804687500000e+01,-7.237964630126953125e+01,-7.237964630126953125e+01,-7.237964630126953125e+01,-7.237964630126953125e+01,-7.237964630126953125e+01,-7.237964630126953125e+01,-7.237964630126953125e+01,-7.237964630126953125e+01,-7.237964630126953125e+01,-7.237964630126953125e+01,-7.237964630126953125e+01,-7.237964630126953125e+01,-7.237964630126953125e+01,-7.237964630126953125e+01,-7.237964630126953125e+01,-5.109811782836914062e+01,-4.327544021606445312e+01,-4.327544021606445312e+01,-4.327544021606445312e+01,-4.327544021606445312e+01,-4.327544021606445312e+01,-4.327544021606445312e+01,-4.327544021606445312e+01,-4.327544021606445312e+01,-4.327544021606445312e+01,-4.327544021606445312e+01,-3.427923202514648438e+01,-2.278399276733398438e+01,-2.340306091308593750e+01,-1.996321105957031250e+01,-1.996321105957031250e+01,-1.996321105957031250e+01,-1.996321105957031250e+01,-1.996321105957031250e+01,-1.996321105957031250e+01,-1.996321105957031250e+01,-1.996321105957031250e+01,-1.996321105957031250e+01,-1.996321105957031250e+01,-3.851996612548828125e+01,-3.851996612548828125e+01,-3.851996612548828125e+01,-3.465836334228515625e+01,-3.465836334228515625e+01,-3.465836334228515625e+01,-5.674644851684570312e+01,-5.674644851684570312e+01,-5.674644851684570312e+01,-5.674644851684570312e+01,-5.291194915771484375e+01,-7.090238189697265625e+01,-7.090238189697265625e+01,-7.090238189697265625e+01,-7.090238189697265625e+01,-7.090238189697265625e+01,-6.734612274169921875e+01,-7.507788085937500000e+01,-7.507788085937500000e+01,-7.507788085937500000e+01,-7.507788085937500000e+01,-7.507788085937500000e+01,-7.507788085937500000e+01,-7.507788085937500000e+01,-7.507788085937500000e+01,-7.507788085937500000e+01,-7.507788085937500000e+01,-7.507788085937500000e+01,-7.507788085937500000e+01,-7.507788085937500000e+01,-7.507788085937500000e+01,-7.507788085937500000e+01,-7.507788085937500000e+01,-7.507788085937500000e+01,-7.507788085937500000e+01,-7.507788085937500000e+01,-7.507788085937500000e+01,-7.507788085937500000e+01,-6.885885620117187500e+01,-6.996115875244140625e+01,-5.846994781494140625e+01,-5.574579620361328125e+01,-5.200675964355468750e+01,-5.229604721069335938e+01,-5.297214126586914062e+01,-5.738533782958984375e+01,-5.609510040283203125e+01,-5.890696716308593750e+01,-6.088316345214843750e+01,-6.140048599243164062e+01,-6.380015945434570312e+01,-6.847402191162109375e+01,-6.980865478515625000e+01,-7.107121276855468750e+01,-7.246520996093750000e+01,-7.484731292724609375e+01,-7.469335174560546875e+01,-7.533291625976562500e+01,-7.584495544433593750e+01,-7.680097961425781250e+01,-7.671237945556640625e+01,-7.661538696289062500e+01,-7.689472198486328125e+01,-7.603804016113281250e+01,-7.660789489746093750e+01,-7.653276062011718750e+01,-7.705953216552734375e+01,-7.718460083007812500e+01,-7.751901245117187500e+01,-7.731286621093750000e+01,-7.749995422363281250e+01,-7.737670898437500000e+01,-7.780675506591796875e+01,-7.749850463867187500e+01,-7.896208953857421875e+01,-7.866269683837890625e+01,-7.841243743896484375e+01,-7.800756072998046875e+01
-7.998857116699218750e+01,-7.996394348144531250e+01,-7.988916015625000000e+01,-7.988916015625000000e+01,-7.988916015625000000e+01,-7.888405609130859375e+01,-7.804159545898437500e+01,-7.804159545898437500e+01,-7.804159545898437500e+01,-7.804159545898437500e+01,-7.804159545898437500e+01,-7.804159545898437500e+01,-7.804159545898437500e+01,-7.804159545898437500e+01,-7.804159545898437500e+01,-7.804159545898437500e+01,-7.804159545898437500e+01,-7.804159545898437500e+01,-7.804159545898437500e+01,-7.804159545898437500e+01,-7.804159545898437500e+01,-7.804159545898437500e+01,-7.804159545898437500e+01,-7.804159545898437500e+01,-7.804159545898437500e+01,-7.804159545898437500e+01,-7.804159545898437500e+01,-7.804159545898437500e+01,-7.804159545898437500e+01,-7.804159545898437500e+01,-7.804159545898437500e+01,-7.804159545898437500e+01,-7.804159545898437500e+01,-7.804159545898437500e+01,-7.804159545898437500e+01,-7.804159545898437500e+01,-7.804159545898437500e+01,-7.804159545898437500e+01,-7.804159545898437500e+01,-7.804159545898437500e+01,-7.804159545898437500e+01,-7.804159545898437500e+01,-7.804159545898437500e+01,-7.804159545898437500e+01,-7.804159545898437500e+01,-7.804159545898437500e+01,-7.804159545898437500e+01,-7.804159545898437500e+01,-7.804159545898437500e+01,-7.804159545898437500e+01,-7.804159545898437500e+01,-7.804159545898437500e+01,-7.055270385742187500e+01,-7.055270385742187500e+01,-7.055270385742187500e+01,-7.055270385742187500e+01,-7.055270385742187500e+01,-7.055270385742187500e+01,-7.055270385742187500e+01,-7.055270385742187500e+01,-7.055270385742187500e+01,-7.055270385742187500e+01,-7.055270385742187500e+01,-7.055270385742187500e+01,-7.055270385742187500e+01,-7.055270385742187500e+01,-7.055270385742187500e+01,-6.011290740966796875e+01,-5.094885253906250000e+01,-5.094885253906250000e+01,-5.094885253906250000e+01,-5.094885253906250000e+01,-5.094885253906250000e+01,-5.094885253906250000e+01,-5.094885253906250000e+01,-5.094885253906250000e+01,-5.094885253906250000e+01,-5.094885253906250000e+01,-4.010589218139648438e+01,-2.742784881591796875e+01,-2.473123931884765625e+01,-2.342087745666503906e+01,-2.342087745666503906e+01,-2.342087745666503906e+01,-2.342087745666503906e+01,-2.342087745666503906e+01,-2.342087745666503906e+01,-2.342087745666503906e+01,-2.342087745666503906e+01,-2.342087745666503906e+01,-2.342087745666503906e+01,-4.257445526123046875e+01,-4.257445526123046875e+01,-4.257445526123046875e+01,-3.474864196777343750e+01,-3.474864196777343750e+01,-3.474864196777343750e+01,-6.281169891357421875e+01,-6.281169891357421875e+01,-6.281169891357421875e+01,-6.281169891357421875e+01,-5.247771072387695312e+01,-7.181967163085937500e+01,-7.181967163085937500e+01,-7.181967163085937500e+01,-7.181967163085937500e+01,-7.181967163085937500e+01,-6.252287292480468750e+01,-7.337595367431640625e+01,-7.337595367431640625e+01,-7.337595367431640625e+01,-7.337595367431640625e+01,-7.337595367431640625e+01,-7.337595367431640625e+01,-7.337595367431640625e+01,-7.337595367431640625e+01,-7.337595367431640625e+01,-7.337595367431640625e+01,-7.337595367431640625e+01,-7.337595367431640625e+01,-7.337595367431640625e+01,-7.337595367431640625e+01,-7.337595367431640625e+01,-7.337595367431640625e+01,-7.337595367431640625e+01,-7.337595367431640625e+01,-7.337595367431640625e+01,-7.337595367431640625e+01,-7.337595367431640625e+01,-6.351335906982421875e+01,-6.753643798828125000e+01,-5.506646347045898438e+01,-5.667836761474609375e+01,-5.193268966674804688e+01,-5.204296112060546875e+01,-5.248011016845703125e+01,-5.816162109375000000e+01,-5.739060592651367188e+01,-6.000947952270507812e+01,-6.225920104980468750e+01,-6.352185821533203125e+01,-6.571638488769531250e+01,-6.911734771728515625e+01,-7.036231994628906250e+01,-7.150283813476562500e+01,-7.282472229003906250e+01,-7.449011993408203125e+01,-7.442822265625000000e+01,-7.476618957519531250e+01,-7.505963134765625000e+01,-7.580292510986328125e+01,-7.574617767333984375e+01,-7.546099853515625000e+01,-7.555094909667968750e+01,-7.570384216308593750e+01,-7.627346038818359375e+01,-7.636204528808593750e+01,-7.666672515869140625e+01,-7.660194396972656250e+01,-7.720133972167968750e+01,-7.707220458984375000e+01,-7.709135437011718750e+01,-7.693505096435546875e+01,-7.742391967773437500e+01,-7.749588012695312500e+01,-7.882514953613281250e+01,-7.876240539550781250e+01,-7.812228393554687500e+01,-7.777137756347656250e+01
-7.998429107666015625e+01,-7.995811462402343750e+01,-7.989690399169921875e+01,-7.989690399169921875e+01,-7.989690399169921875e+01,-7.069660949707031250e+01,-7.952375793457031250e+01,-7.952375793457031250e+01,-7.952375793457031250e+01,-7.952375793457031250e+01,-7.952375793457031250e+01,-7.952375793457031250e+01,-7.952375793457031250e+01,-7.952375793457031250e+01,-7.952375793457031250e+01,-7.952375793457031250e+01,-7.952375793457031250e+01,-7.952375793457031250e+01,-7.952375793457031250e+01,-7.952375793457031250e+01,-7.952375793457031250e+01,-7.952375793457031250e+01,-7.952375793457031250e+01,-7.952375793457031250e+01,-7.952375793457031250e+01,-7.952375793457031250e+01,-7.952375793457031250e+01,-7.952375793457031250e+01,-7.952375793457031250e+01,-7.952375793457031250e+01,-7.952375793457031250e+01,-7.952375793457031250e+01,-7.952375793457031250e+01,-7.952375793457031250e+01,-7.952375793457031250e+01,-7.952375793457031250e+01,-7.952375793457031250e+01,-7.952375793457031250e+01,-7.952375793457031250e+01,-7.952375793457031250e+01,-7.952375793457031250e+01,-7.952375793457031250e+01,-7.952375793457031250e+01,-7.952375793457031250e+01,-7.952375793457031250e+01,-7.952375793457031250e+01,-7.952375793457031250e+01,-7.952375793457031250e+01,-7.952375793457031250e+01,-7.952375793457031250e+01,-7.952375793457031250e+01,-7.952375793457031250e+01,-7.023275756835937500e+01,-7.023275756835937500e+01,-7.023275756835937500e+01,-7.023275756835937500e+01,-7.023275756835937500e+01,-7.023275756835937500e+01,-7.023275756835937500e+01,-7.023275756835937500e+01,-7.023275756835937500e+01,-7.023275756835937500e+01,-7.023275756835937500e+01,-7.023275756835937500e+01,-7.023275756835937500e+01,-7.023275756835937500e+01,-7.023275756835937500e+01,-5.421104812622070312e+01,-5.204721832275390625e+01,-5.204721832275390625e+01,-5.204721832275390625e+01,-5.204721832275390625e+01,-5.204721832275390625e+01,-5.204721832275390625e+01,-5.204721832275390625e+01,-5.204721832275390625e+01,-5.204721832275390625e+01,-5.204721832275390625e+01,-4.165838623046875000e+01,-2.886432456970214844e+01,-3.237294006347656250e+01,-2.466315841674804688e+01,-2.466315841674804688e+01,-2.466315841674804688e+01,-2.466315841674804688e+01,-2.466315841674804688e+01,-2.466315841674804688e+01,-2.466315841674804688e+01,-2.466315841674804688e+01,-2.466315841674804688e+01,-2.466315841674804688e+01,-4.496955490112304688e+01,-4.496955490112304688e+01,-4.496955490112304688e+01,-3.241688156127929688e+01,-3.241688156127929688e+01,-3.241688156127929688e+01,-6.206432342529296875e+01,-6.206432342529296875e+01,-6.206432342529296875e+01,-6.206432342529296875e+01,-4.790870285034179688e+01,-7.190723419189453125e+01,-7.190723419189453125e+01,-7.190723419189453125e+01,-7.190723419189453125e+01,-7.190723419189453125e+01,-6.341165924072265625e+01,-7.497546386718750000e+01,-7.497546386718750000e+01,-7.497546386718750000e+01,-7.497546386718750000e+01,-7.497546386718750000e+01,-7.497546386718750000e+01,-7.497546386718750000e+01,-7.497546386718750000e+01,-7.497546386718750000e+01,-7.497546386718750000e+01,-7.497546386718750000e+01,-7.497546386718750000e+01,-7.497546386718750000e+01,-7.497546386718750000e+01,-7.497546386718750000e+01,-7.497546386718750000e+01,-7.497546386718750000e+01,-7.497546386718750000e+01,-7.497546386718750000e+01,-7.497546386718750000e+01,-7.497546386718750000e+01,-6.965079498291015625e+01,-7.221422576904296875e+01,-6.345571517944335938e+01,-6.353023910522460938e+01,-5.857963562011718750e+01,-5.910638046264648438e+01,-5.980996704101562500e+01,-6.276910400390625000e+01,-6.209599304199218750e+01,-6.344288253784179688e+01,-6.567701721191406250e+01,-6.689551544189453125e+01,-6.858424377441406250e+01,-7.134288024902343750e+01,-7.253705596923828125e+01,-7.390509033203125000e+01,-7.466401672363281250e+01,-7.601344299316406250e+01,-7.613374328613281250e+01,-7.657467651367187500e+01,-7.674250030517578125e+01,-7.722527313232421875e+01,-7.734390258789062500e+01,-7.723037719726562500e+01,-7.743135070800781250e+01,-7.695111083984375000e+01,-7.747261810302734375e+01,-7.745680999755859375e+01,-7.781661224365234375e+01,-7.757463073730468750e+01,-7.803948211669921875e+01,-7.805740356445312500e+01,-7.820759582519531250e+01,-7.808005523681640625e+01,-7.844610595703125000e+01,-7.847151947021484375e+01,-7.905595397949218750e+01,-7.914557647705078125e+01,-7.886238098144531250e+01,-7.820798492431640625e+01
-7.378633117675781250e+01,-7.999069213867187500e+01,-7.960527038574218750e+01,-7.960527038574218750e+01,-7.960527038574218750e+01,-7.989894104003906250e+01,-7.985363769531250000e+01,-7.985363769531250000e+01,-7.985363769531250000e+01,-7.985363769531250000e+01,-7.985363769531250000e+01,-7.985363769531250000e+01,-7.985363769531250000e+01,-7.985363769531250000e+01,-7.985363769531250000e+01,-7.985363769531250000e+01,-7.985363769531250000e+01,-7.985363769531250000e+01,-7.985363769531250000e+01,-7.985363769531250000e+01,-7.985363769531250000e+01,-7.985363769531250000e+01,-7.985363769531250000e+01,-7.985363769531250000e+01,-7.985363769531250000e+01,-7.985363769531250000e+01,-7.985363769531250000e+01,-7.985363769531250000e+01,-7.985363769531250000e+01,-7.985363769531250000e+01,-7.985363769531250000e+01,-7.985363769531250000e+01,-7.985363769531250000e+01,-7.985363769531250000e+01,-7.985363769531250000e+01,-7.985363769531250000e+01,-7.985363769531250000e+01,-7.985363769531250000e+01,-7.985363769531250000e+01,-7.985363769531250000e+01,-7.985363769531250000e+01,-7.985363769531250000e+01,-7.985363769531250000e+01,-7.985363769531250000e+01,-7.985363769531250000e+01,-7.985363769531250000e+01,-7.985363769531250000e+01,-7.985363769531250000e+01,-7.985363769531250000e+01,-7.985363769531250000e+01,-7.985363769531250000e+01,-7.985363769531250000e+01,-7.562147521972656250e+01,-7.562147521972656250e+01,-7.562147521972656250e+01,-7.562147521972656250e+01,-7.562147521972656250e+01,-7.562147521972656250e+01,-7.562147521972656250e+01,-7.562147521972656250e+01,-7.562147521972656250e+01,-7.562147521972656250e+01,-7.562147521972656250e+01,-7.562147521972656250e+01,-7.562147521972656250e+01,-7.562147521972656250e+01,-7.562147521972656250e+01,-5.890814971923828125e+01,-5.141611480712890625e+01,-5.141611480712890625e+01,-5.141611480712890625e+01,-5.141611480712890625e+01,-5.141611480712890625e+01,-5.141611480712890625e+01,-5.141611480712890625e+01,-5.141611480712890625e+01,-5.141611480712890625e+01,-5.141611480712890625e+01,-4.100100326538085938e+01,-2.913246536254882812e+01,-2.885027122497558594e+01,-2.370810317993164062e+01,-2.370810317993164062e+01,-2.370810317993164062e+01,-2.370810317993164062e+01,-2.370810317993164062e+01,-2.370810317993164062e+01,-2.370810317993164062e+01,-2.370810317993164062e+01,-2.370810317993164062e+01,-2.370810317993164062e+01,-4.370443725585937500e+01,-4.370443725585937500e+01,-4.370443725585937500e+01,-3.088912582397460938e+01,-3.088912582397460938e+01,-3.088912582397460938e+01,-6.329482269287109375e+01,-6.329482269287109375e+01,-6.329482269287109375e+01,-6.329482269287109375e+01,-4.620564651489257812e+01,-7.232879638671875000e+01,-7.232879638671875000e+01,-7.232879638671875000e+01,-7.232879638671875000e+01,-7.232879638671875000e+01,-5.769343566894531250e+01,-7.350080871582031250e+01,-7.350080871582031250e+01,-7.350080871582031250e+01,-7.350080871582031250e+01,-7.350080871582031250e+01,-7.350080871582031250e+01,-7.350080871582031250e+01,-7.350080871582031250e+01,-7.350080871582031250e+01,-7.350080871582031250e+01,-7.350080871582031250e+01,-7.350080871582031250e+01,-7.350080871582031250e+01,-7.350080871582031250e+01,-7.350080871582031250e+01,-7.350080871582031250e+01,-7.350080871582031250e+01,-7.350080871582031250e+01,-7.350080871582031250e+01,-7.350080871582031250e+01,-7.350080871582031250e+01,-6.546426391601562500e+01,-6.993609619140625000e+01,-5.848407745361328125e+01,-5.884380340576171875e+01,-5.531453323364257812e+01,-5.698725509643554688e+01,-5.805169296264648438e+01,-6.532723999023437500e+01,-6.556564331054687500e+01,-6.929774475097656250e+01,-7.128339385986328125e+01,-7.159088897705078125e+01,-7.437916564941406250e+01,-7.557124328613281250e+01,-7.696401977539062500e+01,-7.725209045410156250e+01,-7.835424041748046875e+01,-7.875907135009765625e+01,-7.901522827148437500e+01,-7.908804321289062500e+01,-7.932868194580078125e+01,-7.946185302734375000e+01,-7.950257873535156250e+01,-7.948966217041015625e+01,-7.956562805175781250e+01,-7.943942260742187500e+01,-7.952769470214843750e+01,-7.950782775878906250e+01,-7.958250427246093750e+01,-7.956991577148437500e+01,-7.965373992919921875e+01,-7.961518859863281250e+01,-7.964653015136718750e+01,-7.966497802734375000e+01,-7.967781066894531250e+01,-7.964667510986328125e+01,-7.987287139892578125e+01,-7.982864379882812500e+01,-7.981195068359375000e+01,-7.980770874023437500e+01
-7.981432342529296875e+01,-7.967877960205078125e+01,-7.841429901123046875e+01,-7.841429901123046875e+01,-7.841429901123046875e+01,-7.974682617187500000e+01,-7.705751037597656250e+01,-7.705751037597656250e+01,-7.705751037597656250e+01,-7.705751037597656250e+01,-7.705751037597656250e+01,-7.705751037597656250e+01,-7.705751037597656250e+01,-7.705751037597656250e+01,-7.705751037597656250e+01,-7.705751037597656250e+01,-7.705751037597656250e+01,-7.705751037597656250e+01,-7.705751037597656250e+01,-7.705751037597656250e+01,-7.705751037597656250e+01,-7.705751037597656250e+01,-7.705751037597656250e+01,-7.705751037597656250e+01,-7.705751037597656250e+01,-7.705751037597656250e+01,-7.705751037597656250e+01,-7.705751037597656250e+01,-7.705751037597656250e+01,-7.705751037597656250e+01,-7.705751037597656250e+01,-7.705751037597656250e+01,-7.705751037597656250e+01,-7.705751037597656250e+01,-7.705751037597656250e+01,-7.705751037597656250e+01,-7.705751037597656250e+01,-7.705751037597656250e+01,-7.705751037597656250e+01,-7.705751037597656250e+01,-7.705751037597656250e+01,-7.705751037597656250e+01,-7.705751037597656250e+01,-7.705751037597656250e+01,-7.705751037597656250e+01,-7.705751037597656250e+01,-7.705751037597656250e+01,-7.705751037597656250e+01,-7.705751037597656250e+01,-7.705751037597656250e+01,-7.705751037597656250e+01,-7.705751037597656250e+01,-7.227449035644531250e+01,-7.227449035644531250e+01,-7.227449035644531250e+01,-7.227449035644531250e+01,-7.227449035644531250e+01,-7.227449035644531250e+01,-7.227449035644531250e+01,-7.227449035644531250e+01,-7.227449035644531250e+01,-7.227449035644531250e+01,-7.227449035644531250e+01,-7.227449035644531250e+01,-7.227449035644531250e+01,-7.227449035644531250e+01,-7.227449035644531250e+01,-5.831863784790039062e+01,-5.484899902343750000e+01,-5.484899902343750000e+01,-5.484899902343750000e+01,-5.484899902343750000e+01,-5.484899902343750000e+01,-5.484899902343750000e+01,-5.484899902343750000e+01,-5.484899902343750000e+01,-5.484899902343750000e+01,-5.484899902343750000e+01,-4.306841278076171875e+01,-3.313158416748046875e+01,-3.089191818237304688e+01,-2.643143653869628906e+01,-2.643143653869628906e+01,-2.643143653869628906e+01,-2.643143653869628906e+01,-2.643143653869628906e+01,-2.643143653869628906e+01,-2.643143653869628906e+01,-2.643143653869628906e+01,-2.643143653869628906e+01,-2.643143653869628906e+01,-4.825727081298828125e+01,-4.825727081298828125e+01,-4.825727081298828125e+01,-3.011387634277343750e+01,-3.011387634277343750e+01,-3.011387634277343750e+01,-6.511089324951171875e+01,-6.511089324951171875e+01,-6.511089324951171875e+01,-6.511089324951171875e+01,-4.004998016357421875e+01,-7.284478759765625000e+01,-7.284478759765625000e+01,-7.284478759765625000e+01,-7.284478759765625000e+01,-7.284478759765625000e+01,-5.370188522338867188e+01,-7.451445770263671875e+01,-7.451445770263671875e+01,-7.451445770263671875e+01,-7.451445770263671875e+01,-7.451445770263671875e+01,-7.451445770263671875e+01,-7.451445770263671875e+01,-7.451445770263671875e+01,-7.451445770263671875e+01,-7.451445770263671875e+01,-7.451445770263671875e+01,-7.451445770263671875e+01,-7.451445770263671875e+01,-7.451445770263671875e+01,-7.451445770263671875e+01,-7.451445770263671875e+01,-7.451445770263671875e+01,-7.451445770263671875e+01,-7.451445770263671875e+01,-7.451445770263671875e+01,-7.451445770263671875e+01,-6.394042587280273438e+01,-7.086840820312500000e+01,-6.150442504882812500e+01,-6.161578750610351562e+01,-5.675383758544921875e+01,-5.724359893798828125e+01,-5.680274581909179688e+01,-6.080680465698242188e+01,-6.035653305053710938e+01,-6.311988830566406250e+01,-6.467934417724609375e+01,-6.612725830078125000e+01,-6.853724670410156250e+01,-7.166816711425781250e+01,-7.338998413085937500e+01,-7.435598754882812500e+01,-7.562110900878906250e+01,-7.690882873535156250e+01,-7.718632507324218750e+01,-7.735420989990234375e+01,-7.780506896972656250e+01,-7.801693725585937500e+01,-7.796823120117187500e+01,-7.756443786621093750e+01,-7.782795715332031250e+01,-7.683517456054687500e+01,-7.725423431396484375e+01,-7.717298889160156250e+01,-7.755284118652343750e+01,-7.764832305908203125e+01,-7.778031921386718750e+01,-7.739096069335937500e+01,-7.755778503417968750e+01,-7.743209838867187500e+01,-7.760655975341796875e+01,-7.659501647949218750e+01,-7.894470214843750000e+01,-7.742437744140625000e+01,-7.700064086914062500e+01,-7.704486083984375000e+01
-7.998977661132812500e+01,-7.867820739746093750e+01,-7.957250976562500000e+01,-7.957250976562500000e+01,-7.957250976562500000e+01,-7.980474853515625000e+01,-7.404315185546875000e+01,-7.404315185546875000e+01,-7.404315185546875000e+01,-7.404315185546875000e+01,-7.404315185546875000e+01,-7.404315185546875000e+01,-7.404315185546875000e+01,-7.404315185546875000e+01,-7.404315185546875000e+01,-7.404315185546875000e+01,-7.404315185546875000e+01,-7.404315185546875000e+01,-7.404315185546875000e+01,-7.404315185546875000e+01,-7.404315185546875000e+01,-7.404315185546875000e+01,-7.404315185546875000e+01,-7.404315185546875000e+01,-7.404315185546875000e+01,-7.404315185546875000e+01,-7.404315185546875000e+01,-7.404315185546875000e+01,-7.404315185546875000e+01,-7.404315185546875000e+01,-7.404315185546875000e+01,-7.404315185546875000e+01,-7.404315185546875000e+01,-7.404315185546875000e+01,-7.404315185546875000e+01,-7.404315185546875000e+01,-7.404315185546875000e+01,-7.404315185546875000e+01,-7.404315185546875000e+01,-7.404315185546875000e+01,-7.404315185546875000e+01,-7.404315185546875000e+01,-7.404315185546875000e+01,-7.404315185546875000e+01,-7.404315185546875000e+01,-7.404315185546875000e+01,-7.404315185546875000e+01,-7.404315185546875000e+01,-7.404315185546875000e+01,-7.404315185546875000e+01,-7.404315185546875000e+01,-7.404315185546875000e+01,-7.318775177001953125e+01,-7.318775177001953125e+01,-7.318775177001953125e+01,-7.318775177001953125e+01,-7.318775177001953125e+01,-7.318775177001953125e+01,-7.318775177001953125e+01,-7.318775177001953125e+01,-7.318775177001953125e+01,-7.318775177001953125e+01,-7.318775177001953125e+01,-7.318775177001953125e+01,-7.318775177001953125e+01,-7.318775177001953125e+01,-7.318775177001953125e+01,-5.810930633544921875e+01,-5.295858764648437500e+01,-5.295858764648437500e+01,-5.295858764648437500e+01,-5.295858764648437500e+01,-5.295858764648437500e+01,-5.295858764648437500e+01,-5.295858764648437500e+01,-5.295858764648437500e+01,-5.295858764648437500e+01,-5.295858764648437500e+01,-4.289032363891601562e+01,-3.576908874511718750e+01,-3.467543411254882812e+01,-3.382415771484375000e+01,-3.382415771484375000e+01,-3.382415771484375000e+01,-3.382415771484375000e+01,-3.382415771484375000e+01,-3.382415771484375000e+01,-3.382415771484375000e+01,-3.382415771484375000e+01,-3.382415771484375000e+01,-3.382415771484375000e+01,-5.130274200439453125e+01,-5.130274200439453125e+01,-5.130274200439453125e+01,-3.379996871948242188e+01,-3.379996871948242188e+01,-3.379996871948242188e+01,-6.378087615966796875e+01,-6.378087615966796875e+01,-6.378087615966796875e+01,-6.378087615966796875e+01,-3.831064987182617188e+01,-7.349137115478515625e+01,-7.349137115478515625e+01,-7.349137115478515625e+01,-7.349137115478515625e+01,-7.349137115478515625e+01,-5.688777160644531250e+01,-7.723097991943359375e+01,-7.723097991943359375e+01,-7.723097991943359375e+01,-7.723097991943359375e+01,-7.723097991943359375e+01,-7.723097991943359375e+01,-7.723097991943359375e+01,-7.723097991943359375e+01,-7.723097991943359375e+01,-7.723097991943359375e+01,-7.723097991943359375e+01,-7.723097991943359375e+01,-7.723097991943359375e+01,-7.723097991943359375e+01,-7.723097991943359375e+01,-7.723097991943359375e+01,-7.723097991943359375e+01,-7.723097991943359375e+01,-7.723097991943359375e+01,-7.723097991943359375e+01,-7.723097991943359375e+01,-6.795915222167968750e+01,-7.437920379638671875e+01,-6.223517608642578125e+01,-6.099813079833984375e+01,-5.413314819335937500e+01,-5.687348175048828125e+01,-5.523460388183593750e+01,-6.163651657104492188e+01,-5.958114624023437500e+01,-6.310821533203125000e+01,-6.623085021972656250e+01,-6.799984741210937500e+01,-7.052982330322265625e+01,-7.389087677001953125e+01,-7.530828857421875000e+01,-7.686868286132812500e+01,-7.770666503906250000e+01,-7.867691040039062500e+01,-7.877175140380859375e+01,-7.920641326904296875e+01,-7.929441070556640625e+01,-7.953315734863281250e+01,-7.948499298095703125e+01,-7.958477783203125000e+01,-7.955534362792968750e+01,-7.924029541015625000e+01,-7.949783325195312500e+01,-7.940717315673828125e+01,-7.958811950683593750e+01,-7.953486633300781250e+01,-7.970922088623046875e+01,-7.966546630859375000e+01,-7.975909423828125000e+01,-7.969305419921875000e+01,-7.981596374511718750e+01,-7.978439331054687500e+01,-7.994212341308593750e+01,-7.991177368164062500e+01,-7.992551422119140625e+01,-7.986800384521484375e+01
-7.990188598632812500e+01,-7.736628723144531250e+01,-7.957044982910156250e+01,-7.957044982910156250e+01,-7.957044982910156250e+01,-7.984688568115234375e+01,-7.594602966308593750e+01,-7.594602966308593750e+01,-7.594602966308593750e+01,-7.594602966308593750e+01,-7.594602966308593750e+01,-7.594602966308593750e+01,-7.594602966308593750e+01,-7.594602966308593750e+01,-7.594602966308593750e+01,-7.594602966308593750e+01,-7.594602966308593750e+01,-7.594602966308593750e+01,-7.594602966308593750e+01,-7.594602966308593750e+01,-7.594602966308593750e+01,-7.594602966308593750e+01,-7.594602966308593750e+01,-7.594602966308593750e+01,-7.594602966308593750e+01,-7.594602966308593750e+01,-7.594602966308593750e+01,-7.594602966308593750e+01,-7.594602966308593750e+01,-7.594602966308593750e+01,-7.594602966308593750e+01,-7.594602966308593750e+01,-7.594602966308593750e+01,-7.594602966308593750e+01,-7.594602966308593750e+01,-7.594602966308593750e+01,-7.594602966308593750e+01,-7.594602966308593750e+01,-7.594602966308593750e+01,-7.594602966308593750e+01,-7.594602966308593750e+01,-7.594602966308593750e+01,-7.594602966308593750e+01,-7.594602966308593750e+01,-7.594602966308593750e+01,-7.594602966308593750e+01,-7.594602966308593750e+01,-7.594602966308593750e+01,-7.594602966308593750e+01,-7.594602966308593750e+01,-7.594602966308593750e+01,-7.594602966308593750e+01,-6.971714782714843750e+01,-6.971714782714843750e+01,-6.971714782714843750e+01,-6.971714782714843750e+01,-6.971714782714843750e+01,-6.971714782714843750e+01,-6.971714782714843750e+01,-6.971714782714843750e+01,-6.971714782714843750e+01,-6.971714782714843750e+01,-6.971714782714843750e+01,-6.971714782714843750e+01,-6.971714782714843750e+01,-6.971714782714843750e+01,-6.971714782714843750e+01,-5.547222137451171875e+01,-4.955031967163085938e+01,-4.955031967163085938e+01,-4.955031967163085938e+01,-4.955031967163085938e+01,-4.955031967163085938e+01,-4.955031967163085938e+01,-4.955031967163085938e+01,-4.955031967163085938e+01,-4.955031967163085938e+01,-4.955031967163085938e+01,-3.907638549804687500e+01,-3.354842376708984375e+01,-3.380977249145507812e+01,-3.358383178710937500e+01,-3.358383178710937500e+01,-3.358383178710937500e+01,-3.358383178710937500e+01,-3.358383178710937500e+01,-3.358383178710937500e+01,-3.358383178710937500e+01,-3.358383178710937500e+01,-3.358383178710937500e+01,-3.358383178710937500e+01,-4.985169219970703125e+01,-4.985169219970703125e+01,-4.985169219970703125e+01,-3.545680999755859375e+01,-3.545680999755859375e+01,-3.545680999755859375e+01,-6.333847045898437500e+01,-6.333847045898437500e+01,-6.333847045898437500e+01,-6.333847045898437500e+01,-3.900389099121093750e+01,-7.215023803710937500e+01,-7.215023803710937500e+01,-7.215023803710937500e+01,-7.215023803710937500e+01,-7.215023803710937500e+01,-5.359024047851562500e+01,-7.548286437988281250e+01,-7.548286437988281250e+01,-7.548286437988281250e+01,-7.548286437988281250e+01,-7.548286437988281250e+01,-7.548286437988281250e+01,-7.548286437988281250e+01,-7.548286437988281250e+01,-7.548286437988281250e+01,-7.548286437988281250e+01,-7.548286437988281250e+01,-7.548286437988281250e+01,-7.548286437988281250e+01,-7.548286437988281250e+01,-7.548286437988281250e+01,-7.548286437988281250e+01,-7.548286437988281250e+01,-7.548286437988281250e+01,-7.548286437988281250e+01,-7.548286437988281250e+01,-7.548286437988281250e+01,-6.806503295898437500e+01,-7.426129913330078125e+01,-6.714295196533203125e+01,-6.182914733886718750e+01,-5.645930099487304688e+01,-5.405114364624023438e+01,-5.257597351074218750e+01,-5.319066619873046875e+01,-5.178437805175781250e+01,-5.423490905761718750e+01,-5.783490371704101562e+01,-5.876463317871093750e+01,-6.312370300292968750e+01,-6.764437866210937500e+01,-7.121160888671875000e+01,-7.282004547119140625e+01,-7.483546447753906250e+01,-7.631996154785156250e+01,-7.707277679443359375e+01,-7.741433715820312500e+01,-7.780349731445312500e+01,-7.804202270507812500e+01,-7.806387329101562500e+01,-7.799867248535156250e+01,-7.803071594238281250e+01,-7.673823547363281250e+01,-7.739762878417968750e+01,-7.706584167480468750e+01,-7.744259643554687500e+01,-7.747172546386718750e+01,-7.792935180664062500e+01,-7.767335510253906250e+01,-7.773814392089843750e+01,-7.776324462890625000e+01,-7.810124969482421875e+01,-7.795718383789062500e+01,-7.895195007324218750e+01,-7.817561340332031250e+01,-7.786570739746093750e+01,-7.794044494628906250e+01
-7.957630920410156250e+01,-7.912957763671875000e+01,-7.983229064941406250e+01,-7.983229064941406250e+01,-7.983229064941406250e+01,-7.990914916992187500e+01,-7.912425231933593750e+01,-7.912425231933593750e+01,-7.912425231933593750e+01,-7.912425231933593750e+01,-7.912425231933593750e+01,-7.912425231933593750e+01,-7.912425231933593750e+01,-7.912425231933593750e+01,-7.912425231933593750e+01,-7.912425231933593750e+01,-7.912425231933593750e+01,-7.912425231933593750e+01,-7.912425231933593750e+01,-7.912425231933593750e+01,-7.912425231933593750e+01,-7.912425231933593750e+01,-7.912425231933593750e+01,-7.912425231933593750e+01,-7.912425231933593750e+01,-7.912425231933593750e+01,-7.912425231933593750e+01,-7.912425231933593750e+01,-7.912425231933593750e+01,-7.912425231933593750e+01,-7.912425231933593750e+01,-7.912425231933593750e+01,-7.912425231933593750e+01,-7.912425231933593750e+01,-7.912425231933593750e+01,-7.912425231933593750e+01,-7.912425231933593750e+01,-7.912425231933593750e+01,-7.912425231933593750e+01,-7.912425231933593750e+01,-7.912425231933593750e+01,-7.912425231933593750e+01,-7.912425231933593750e+01,-7.912425231933593750e+01,-7.912425231933593750e+01,-7.912425231933593750e+01,-7.912425231933593750e+01,-7.912425231933593750e+01,-7.912425231933593750e+01,-7.912425231933593750e+01,-7.912425231933593750e+01,-7.912425231933593750e+01,-6.461730957031250000e+01,-6.461730957031250000e+01,-6.461730957031250000e+01,-6.461730957031250000e+01,-6.461730957031250000e+01,-6.461730957031250000e+01,-6.461730957031250000e+01,-6.461730957031250000e+01,-6.461730957031250000e+01,-6.461730957031250000e+01,-6.461730957031250000e+01,-6.461730957031250000e+01,-6.461730957031250000e+01,-6.461730957031250000e+01,-6.461730957031250000e+01,-5.092963409423828125e+01,-4.501330566406250000e+01,-4.501330566406250000e+01,-4.501330566406250000e+01,-4.501330566406250000e+01,-4.501330566406250000e+01,-4.501330566406250000e+01,-4.501330566406250000e+01,-4.501330566406250000e+01,-4.501330566406250000e+01,-4.501330566406250000e+01,-3.788518905639648438e+01,-3.586257934570312500e+01,-4.034592437744140625e+01,-3.800467300415039062e+01,-3.800467300415039062e+01,-3.800467300415039062e+01,-3.800467300415039062e+01,-3.800467300415039062e+01,-3.800467300415039062e+01,-3.800467300415039062e+01,-3.800467300415039062e+01,-3.800467300415039062e+01,-3.800467300415039062e+01,-4.713414382934570312e+01,-4.713414382934570312e+01,-4.713414382934570312e+01,-3.952191543579101562e+01,-3.952191543579101562e+01,-3.952191543579101562e+01,-6.269377899169921875e+01,-6.269377899169921875e+01,-6.269377899169921875e+01,-6.269377899169921875e+01,-3.998399353027343750e+01,-7.282538604736328125e+01,-7.282538604736328125e+01,-7.282538604736328125e+01,-7.282538604736328125e+01,-7.282538604736328125e+01,-5.187645721435546875e+01,-7.575503540039062500e+01,-7.575503540039062500e+01,-7.575503540039062500e+01,-7.575503540039062500e+01,-7.575503540039062500e+01,-7.575503540039062500e+01,-7.575503540039062500e+01,-7.575503540039062500e+01,-7.575503540039062500e+01,-7.575503540039062500e+01,-7.575503540039062500e+01,-7.575503540039062500e+01,-7.575503540039062500e+01,-7.575503540039062500e+01,-7.575503540039062500e+01,-7.575503540039062500e+01,-7.575503540039062500e+01,-7.575503540039062500e+01,-7.575503540039062500e+01,-7.575503540039062500e+01,-7.575503540039062500e+01,-6.548107147216796875e+01,-7.196804809570312500e+01,-6.232005691528320312e+01,-5.679261016845703125e+01,-5.167816925048828125e+01,-4.851556015014648438e+01,-4.769473648071289062e+01,-4.876603317260742188e+01,-4.807377243041992188e+01,-5.272453308105468750e+01,-5.611237335205078125e+01,-5.918084716796875000e+01,-6.429566955566406250e+01,-6.959739685058593750e+01,-7.221702575683593750e+01,-7.459611511230468750e+01,-7.641561889648437500e+01,-7.766360473632812500e+01,-7.811134338378906250e+01,-7.854114532470703125e+01,-7.892752075195312500e+01,-7.912411499023437500e+01,-7.916856384277343750e+01,-7.918788146972656250e+01,-7.927888488769531250e+01,-7.848660278320312500e+01,-7.872515869140625000e+01,-7.867770385742187500e+01,-7.886001586914062500e+01,-7.903243255615234375e+01,-7.916288757324218750e+01,-7.916792297363281250e+01,-7.932573699951171875e+01,-7.940926361083984375e+01,-7.946884155273437500e+01,-7.940327453613281250e+01,-7.979988861083984375e+01,-7.962121582031250000e+01,-7.965410614013671875e+01,-7.976364135742187500e+01
-6.277503967285156250e+01,-7.987866210937500000e+01,-7.929495239257812500e+01,-7.929495239257812500e+01,-7.929495239257812500e+01,-7.933686065673828125e+01,-7.862055969238281250e+01,-7.862055969238281250e+01,-7.862055969238281250e+01,-7.862055969238281250e+01,-7.862055969238281250e+01,-7.862055969238281250e+01,-7.862055969238281250e+01,-7.862055969238281250e+01,-7.862055969238281250e+01,-7.862055969238281250e+01,-7.862055969238281250e+01,-7.862055969238281250e+01,-7.862055969238281250e+01,-7.862055969238281250e+01,-7.862055969238281250e+01,-7.862055969238281250e+01,-7.862055969238281250e+01,-7.862055969238281250e+01,-7.862055969238281250e+01,-7.862055969238281250e+01,-7.862055969238281250e+01,-7.862055969238281250e+01,-7.862055969238281250e+01,-7.862055969238281250e+01,-7.862055969238281250e+01,-7.862055969238281250e+01,-7.862055969238281250e+01,-7.862055969238281250e+01,-7.862055969238281250e+01,-7.862055969238281250e+01,-7.862055969238281250e+01,-7.862055969238281250e+01,-7.862055969238281250e+01,-7.862055969238281250e+01,-7.862055969238281250e+01,-7.862055969238281250e+01,-7.862055969238281250e+01,-7.862055969238281250e+01,-7.862055969238281250e+01,-7.862055969238281250e+01,-7.862055969238281250e+01,-7.862055969238281250e+01,-7.862055969238281250e+01,-7.862055969238281250e+01,-7.862055969238281250e+01,-7.862055969238281250e+01,-6.270826721191406250e+01,-6.270826721191406250e+01,-6.270826721191406250e+01,-6.270826721191406250e+01,-6.270826721191406250e+01,-6.270826721191406250e+01,-6.270826721191406250e+01,-6.270826721191406250e+01,-6.270826721191406250e+01,-6.270826721191406250e+01,-6.270826721191406250e+01,-6.270826721191406250e+01,-6.270826721191406250e+01,-6.270826721191406250e+01,-6.270826721191406250e+01,-5.212570190429687500e+01,-4.298469543457031250e+01,-4.298469543457031250e+01,-4.298469543457031250e+01,-4.298469543457031250e+01,-4.298469543457031250e+01,-4.298469543457031250e+01,-4.298469543457031250e+01,-4.298469543457031250e+01,-4.298469543457031250e+01,-4.298469543457031250e+01,-3.598140716552734375e+01,-3.327985000610351562e+01,-3.666076660156250000e+01,-3.389163589477539062e+01,-3.389163589477539062e+01,-3.389163589477539062e+01,-3.389163589477539062e+01,-3.389163589477539062e+01,-3.389163589477539062e+01,-3.389163589477539062e+01,-3.389163589477539062e+01,-3.389163589477539062e+01,-3.389163589477539062e+01,-5.082113265991210938e+01,-5.082113265991210938e+01,-5.082113265991210938e+01,-3.722353363037109375e+01,-3.722353363037109375e+01,-3.722353363037109375e+01,-6.543003082275390625e+01,-6.543003082275390625e+01,-6.543003082275390625e+01,-6.543003082275390625e+01,-3.948858642578125000e+01,-7.243589019775390625e+01,-7.243589019775390625e+01,-7.243589019775390625e+01,-7.243589019775390625e+01,-7.243589019775390625e+01,-4.805873870849609375e+01,-7.383366394042968750e+01,-7.383366394042968750e+01,-7.383366394042968750e+01,-7.383366394042968750e+01,-7.383366394042968750e+01,-7.383366394042968750e+01,-7.383366394042968750e+01,-7.383366394042968750e+01,-7.383366394042968750e+01,-7.383366394042968750e+01,-7.383366394042968750e+01,-7.383366394042968750e+01,-7.383366394042968750e+01,-7.383366394042968750e+01,-7.383366394042968750e+01,-7.383366394042968750e+01,-7.383366394042968750e+01,-7.383366394042968750e+01,-7.383366394042968750e+01,-7.383366394042968750e+01,-7.383366394042968750e+01,-6.178186035156250000e+01,-6.917179107666015625e+01,-5.616136169433593750e+01,-5.559200668334960938e+01,-4.892488479614257812e+01,-5.016800689697265625e+01,-4.907632446289062500e+01,-5.417379760742187500e+01,-5.350567626953125000e+01,-5.651622009277343750e+01,-5.980052947998046875e+01,-6.291207885742187500e+01,-6.621315002441406250e+01,-7.028586578369140625e+01,-7.362579345703125000e+01,-7.500454711914062500e+01,-7.669256591796875000e+01,-7.756188964843750000e+01,-7.833254241943359375e+01,-7.852651214599609375e+01,-7.894297790527343750e+01,-7.907090759277343750e+01,-7.921870422363281250e+01,-7.918843841552734375e+01,-7.929280090332031250e+01,-7.872939300537109375e+01,-7.891920471191406250e+01,-7.884661865234375000e+01,-7.902204132080078125e+01,-7.906323242187500000e+01,-7.918013000488281250e+01,-7.912052917480468750e+01,-7.919778442382812500e+01,-7.929133605957031250e+01,-7.928159332275390625e+01,-7.930623626708984375e+01,-7.967919158935546875e+01,-7.963185119628906250e+01,-7.965341186523437500e+01,-7.968302917480468750e+01
-7.983859252929687500e+01,-7.736993408203125000e+01,-7.963938140869140625e+01,-7.963938140869140625e+01,-7.963938140869140625e+01,-7.113697052001953125e+01,-7.262319946289062500e+01,-7.262319946289062500e+01,-7.262319946289062500e+01,-7.262319946289062500e+01,-7.262319946289062500e+01,-7.262319946289062500e+01,-7.262319946289062500e+01,-7.262319946289062500e+01,-7.262319946289062500e+01,-7.262319946289062500e+01,-7.262319946289062500e+01,-7.262319946289062500e+01,-7.262319946289062500e+01,-7.262319946289062500e+01,-7.262319946289062500e+01,-7.262319946289062500e+01,-7.262319946289062500e+01,-7.262319946289062500e+01,-7.262319946289062500e+01,-7.262319946289062500e+01,-7.262319946289062500e+01,-7.262319946289062500e+01,-7.262319946289062500e+01,-7.262319946289062500e+01,-7.262319946289062500e+01,-7.262319946289062500e+01,-7.262319946289062500e+01,-7.262319946289062500e+01,-7.262319946289062500e+01,-7.262319946289062500e+01,-7.262319946289062500e+01,-7.262319946289062500e+01,-7.262319946289062500e+01,-7.262319946289062500e+01,-7.262319946289062500e+01,-7.262319946289062500e+01,-7.262319946289062500e+01,-7.262319946289062500e+01,-7.262319946289062500e+01,-7.262319946289062500e+01,-7.262319946289062500e+01,-7.262319946289062500e+01,-7.262319946289062500e+01,-7.262319946289062500e+01,-7.262319946289062500e+01,-7.262319946289062500e+01,-6.368429565429687500e+01,-6.368429565429687500e+01,-6.368429565429687500e+01,-6.368429565429687500e+01,-6.368429565429687500e+01,-6.368429565429687500e+01,-6.368429565429687500e+01,-6.368429565429687500e+01,-6.368429565429687500e+01,-6.368429565429687500e+01,-6.368429565429687500e+01,-6.368429565429687500e+01,-6.368429565429687500e+01,-6.368429565429687500e+01,-6.368429565429687500e+01,-5.130407714843750000e+01,-4.467795181274414062e+01,-4.467795181274414062e+01,-4.467795181274414062e+01,-4.467795181274414062e+01,-4.467795181274414062e+01,-4.467795181274414062e+01,-4.467795181274414062e+01,-4.467795181274414062e+01,-4.467795181274414062e+01,-4.467795181274414062e+01,-3.640059280395507812e+01,-3.194599342346191406e+01,-4.153992462158203125e+01,-3.542602920532226562e+01,-3.542602920532226562e+01,-3.542602920532226562e+01,-3.542602920532226562e+01,-3.542602920532226562e+01,-3.542602920532226562e+01,-3.542602920532226562e+01,-3.542602920532226562e+01,-3.542602920532226562e+01,-3.542602920532226562e+01,-5.138909530639648438e+01,-5.138909530639648438e+01,-5.138909530639648438e+01,-3.680198287963867188e+01,-3.680198287963867188e+01,-3.680198287963867188e+01,-6.378085708618164062e+01,-6.378085708618164062e+01,-6.378085708618164062e+01,-6.378085708618164062e+01,-4.102785491943359375e+01,-7.091926574707031250e+01,-7.091926574707031250e+01,-7.091926574707031250e+01,-7.091926574707031250e+01,-7.091926574707031250e+01,-5.141363525390625000e+01,-7.202508544921875000e+01,-7.202508544921875000e+01,-7.202508544921875000e+01,-7.202508544921875000e+01,-7.202508544921875000e+01,-7.202508544921875000e+01,-7.202508544921875000e+01,-7.202508544921875000e+01,-7.202508544921875000e+01,-7.202508544921875000e+01,-7.202508544921875000e+01,-7.202508544921875000e+01,-7.202508544921875000e+01,-7.202508544921875000e+01,-7.202508544921875000e+01,-7.202508544921875000e+01,-7.202508544921875000e+01,-7.202508544921875000e+01,-7.202508544921875000e+01,-7.202508544921875000e+01,-7.202508544921875000e+01,-6.181344223022460938e+01,-6.700768280029296875e+01,-5.765657806396484375e+01,-5.691092681884765625e+01,-5.185064315795898438e+01,-5.453316497802734375e+01,-5.197330474853515625e+01,-5.688854980468750000e+01,-5.527311325073242188e+01,-5.989019012451171875e+01,-6.368751525878906250e+01,-6.523146057128906250e+01,-6.868349456787109375e+01,-7.190513610839843750e+01,-7.375841522216796875e+01,-7.457270050048828125e+01,-7.606289672851562500e+01,-7.710652923583984375e+01,-7.748408508300781250e+01,-7.766371154785156250e+01,-7.818637084960937500e+01,-7.837193298339843750e+01,-7.843218994140625000e+01,-7.822415161132812500e+01,-7.848294067382812500e+01,-7.794952392578125000e+01,-7.814790344238281250e+01,-7.826846313476562500e+01,-7.827422332763671875e+01,-7.852541351318359375e+01,-7.869281005859375000e+01,-7.857041931152343750e+01,-7.849793243408203125e+01,-7.867021179199218750e+01,-7.871101379394531250e+01,-7.884056091308593750e+01,-7.936667633056640625e+01,-7.918996429443359375e+01,-7.867173767089843750e+01,-7.887534332275390625e+01
-7.999143218994140625e+01,-7.994079589843750000e+01,-7.996814727783203125e+01,-7.996814727783203125e+01,-7.996814727783203125e+01,-7.959388732910156250e+01,-7.768130493164062500e+01,-7.768130493164062500e+01,-7.768130493164062500e+01,-7.768130493164062500e+01,-7.768130493164062500e+01,-7.768130493164062500e+01,-7.768130493164062500e+01,-7.768130493164062500e+01,-7.768130493164062500e+01,-7.768130493164062500e+01,-7.768130493164062500e+01,-7.768130493164062500e+01,-7.768130493164062500e+01,-7.768130493164062500e+01,-7.768130493164062500e+01,-7.768130493164062500e+01,-7.768130493164062500e+01,-7.768130493164062500e+01,-7.768130493164062500e+01,-7.768130493164062500e+01,-7.768130493164062500e+01,-7.768130493164062500e+01,-7.768130493164062500e+01,-7.768130493164062500e+01,-7.768130493164062500e+01,-7.768130493164062500e+01,-7.768130493164062500e+01,-7.768130493164062500e+01,-7.768130493164062500e+01,-7.768130493164062500e+01,-7.768130493164062500e+01,-7.768130493164062500e+01,-7.768130493164062500e+01,-7.768130493164062500e+01,-7.768130493164062500e+01,-7.768130493164062500e+01,-7.768130493164062500e+01,-7.768130493164062500e+01,-7.768130493164062500e+01,-7.768130493164062500e+01,-7.768130493164062500e+01,-7.768130493164062500e+01,-7.768130493164062500e+01,-7.768130493164062500e+01,-7.768130493164062500e+01,-7.768130493164062500e+01,-6.319708251953125000e+01,-6.319708251953125000e+01,-6.319708251953125000e+01,-6.319708251953125000e+01,-6.319708251953125000e+01,-6.319708251953125000e+01,-6.319708251953125000e+01,-6.319708251953125000e+01,-6.319708251953125000e+01,-6.319708251953125000e+01,-6.319708251953125000e+01,-6.319708251953125000e+01,-6.319708251953125000e+01,-6.319708251953125000e+01,-6.319708251953125000e+01,-5.613133621215820312e+01,-4.217883300781250000e+01,-4.217883300781250000e+01,-4.217883300781250000e+01,-4.217883300781250000e+01,-4.217883300781250000e+01,-4.217883300781250000e+01,-4.217883300781250000e+01,-4.217883300781250000e+01,-4.217883300781250000e+01,-4.217883300781250000e+01,-3.620558547973632812e+01,-3.170475006103515625e+01,-3.723287963867187500e+01,-3.614477157592773438e+01,-3.614477157592773438e+01,-3.614477157592773438e+01,-3.614477157592773438e+01,-3.614477157592773438e+01,-3.614477157592773438e+01,-3.614477157592773438e+01,-3.614477157592773438e+01,-3.614477157592773438e+01,-3.614477157592773438e+01,-4.923821640014648438e+01,-4.923821640014648438e+01,-4.923821640014648438e+01,-4.306371307373046875e+01,-4.306371307373046875e+01,-4.306371307373046875e+01,-6.156547164916992188e+01,-6.156547164916992188e+01,-6.156547164916992188e+01,-6.156547164916992188e+01,-4.634045028686523438e+01,-7.246903228759765625e+01,-7.246903228759765625e+01,-7.246903228759765625e+01,-7.246903228759765625e+01,-7.246903228759765625e+01,-6.161280059814453125e+01,-7.533747863769531250e+01,-7.533747863769531250e+01,-7.533747863769531250e+01,-7.533747863769531250e+01,-7.533747863769531250e+01,-7.533747863769531250e+01,-7.533747863769531250e+01,-7.533747863769531250e+01,-7.533747863769531250e+01,-7.533747863769531250e+01,-7.533747863769531250e+01,-7.533747863769531250e+01,-7.533747863769531250e+01,-7.533747863769531250e+01,-7.533747863769531250e+01,-7.533747863769531250e+01,-7.533747863769531250e+01,-7.533747863769531250e+01,-7.533747863769531250e+01,-7.533747863769531250e+01,-7.533747863769531250e+01,-6.747220611572265625e+01,-7.063412475585937500e+01,-6.025260162353515625e+01,-5.872531509399414062e+01,-5.383269500732421875e+01,-5.383824920654296875e+01,-5.397768402099609375e+01,-5.830291748046875000e+01,-5.842695617675781250e+01,-6.498031616210937500e+01,-6.840107727050781250e+01,-7.178573608398437500e+01,-7.433873748779296875e+01,-7.686637115478515625e+01,-7.795149993896484375e+01,-7.871823120117187500e+01,-7.913001251220703125e+01,-7.950462341308593750e+01,-7.959329223632812500e+01,-7.969738006591796875e+01,-7.973768615722656250e+01,-7.980121612548828125e+01,-7.979093933105468750e+01,-7.981541442871093750e+01,-7.979986572265625000e+01,-7.967388916015625000e+01,-7.975817871093750000e+01,-7.973165893554687500e+01,-7.977843475341796875e+01,-7.977056884765625000e+01,-7.983407592773437500e+01,-7.981134796142578125e+01,-7.984229278564453125e+01,-7.982569885253906250e+01,-7.986656951904296875e+01,-7.985220336914062500e+01,-7.993774414062500000e+01,-7.992050170898437500e+01,-7.991322326660156250e+01,-7.990054321289062500e+01
-7.991563415527343750e+01,-7.977046203613281250e+01,-6.764904785156250000e+01,-6.764904785156250000e+01,-6.764904785156250000e+01,-7.980448913574218750e+01,-7.758712768554687500e+01,-7.758712768554687500e+01,-7.758712768554687500e+01,-7.758712768554687500e+01,-7.758712768554687500e+01,-7.758712768554687500e+01,-7.758712768554687500e+01,-7.758712768554687500e+01,-7.758712768554687500e+01,-7.758712768554687500e+01,-7.758712768554687500e+01,-7.758712768554687500e+01,-7.758712768554687500e+01,-7.758712768554687500e+01,-7.758712768554687500e+01,-7.758712768554687500e+01,-7.758712768554687500e+01,-7.758712768554687500e+01,-7.758712768554687500e+01,-7.758712768554687500e+01,-7.758712768554687500e+01,-7.758712768554687500e+01,-7.758712768554687500e+01,-7.758712768554687500e+01,-7.758712768554687500e+01,-7.758712768554687500e+01,-7.758712768554687500e+01,-7.758712768554687500e+01,-7.758712768554687500e+01,-7.758712768554687500e+01,-7.758712768554687500e+01,-7.758712768554687500e+01,-7.758712768554687500e+01,-7.758712768554687500e+01,-7.758712768554687500e+01,-7.758712768554687500e+01,-7.758712768554687500e+01,-7.758712768554687500e+01,-7.758712768554687500e+01,-7.758712768554687500e+01,-7.758712768554687500e+01,-7.758712768554687500e+01,-7.758712768554687500e+01,-7.758712768554687500e+01,-7.758712768554687500e+01,-7.758712768554687500e+01,-5.952108764648437500e+01,-5.952108764648437500e+01,-5.952108764648437500e+01,-5.952108764648437500e+01,-5.952108764648437500e+01,-5.952108764648437500e+01,-5.952108764648437500e+01,-5.952108764648437500e+01,-5.952108764648437500e+01,-5.952108764648437500e+01,-5.952108764648437500e+01,-5.952108764648437500e+01,-5.952108764648437500e+01,-5.952108764648437500e+01,-5.952108764648437500e+01,-4.842146301269531250e+01,-3.469270706176757812e+01,-3.469270706176757812e+01,-3.469270706176757812e+01,-3.469270706176757812e+01,-3.469270706176757812e+01,-3.469270706176757812e+01,-3.469270706176757812e+01,-3.469270706176757812e+01,-3.469270706176757812e+01,-3.469270706176757812e+01,-3.600950241088867188e+01,-2.698574829101562500e+01,-3.198898696899414062e+01,-3.357559204101562500e+01,-3.357559204101562500e+01,-3.357559204101562500e+01,-3.357559204101562500e+01,-3.357559204101562500e+01,-3.357559204101562500e+01,-3.357559204101562500e+01,-3.357559204101562500e+01,-3.357559204101562500e+01,-3.357559204101562500e+01,-4.336468124389648438e+01,-4.336468124389648438e+01,-4.336468124389648438e+01,-4.265730285644531250e+01,-4.265730285644531250e+01,-4.265730285644531250e+01,-6.048197174072265625e+01,-6.048197174072265625e+01,-6.048197174072265625e+01,-6.048197174072265625e+01,-5.202541351318359375e+01,-7.299490356445312500e+01,-7.299490356445312500e+01,-7.299490356445312500e+01,-7.299490356445312500e+01,-7.299490356445312500e+01,-6.513326263427734375e+01,-7.569029235839843750e+01,-7.569029235839843750e+01,-7.569029235839843750e+01,-7.569029235839843750e+01,-7.569029235839843750e+01,-7.569029235839843750e+01,-7.569029235839843750e+01,-7.569029235839843750e+01,-7.569029235839843750e+01,-7.569029235839843750e+01,-7.569029235839843750e+01,-7.569029235839843750e+01,-7.569029235839843750e+01,-7.569029235839843750e+01,-7.569029235839843750e+01,-7.569029235839843750e+01,-7.569029235839843750e+01,-7.569029235839843750e+01,-7.569029235839843750e+01,-7.569029235839843750e+01,-7.569029235839843750e+01,-6.703220367431640625e+01,-7.039234161376953125e+01,-6.050268554687500000e+01,-5.865214538574218750e+01,-5.467011260986328125e+01,-5.485507965087890625e+01,-5.485971450805664062e+01,-5.894457626342773438e+01,-5.853002929687500000e+01,-6.346218872070312500e+01,-6.692803955078125000e+01,-6.914283752441406250e+01,-7.226779174804687500e+01,-7.482287597656250000e+01,-7.659548950195312500e+01,-7.723291015625000000e+01,-7.821922302246093750e+01,-7.882227325439453125e+01,-7.903378295898437500e+01,-7.922367858886718750e+01,-7.935170745849609375e+01,-7.945320129394531250e+01,-7.945269775390625000e+01,-7.950978088378906250e+01,-7.949078369140625000e+01,-7.910478210449218750e+01,-7.931511688232421875e+01,-7.928031921386718750e+01,-7.934892272949218750e+01,-7.933560943603515625e+01,-7.951753997802734375e+01,-7.955050659179687500e+01,-7.955354309082031250e+01,-7.956925201416015625e+01,-7.969117736816406250e+01,-7.972930908203125000e+01,-7.986851501464843750e+01,-7.982383728027343750e+01,-7.981609344482421875e+01,-7.969116210937500000e+01
-7.998284912109375000e+01,-7.921198272705078125e+01,-7.907684326171875000e+01,-7.907684326171875000e+01,-7.907684326171875000e+01,-7.913208007812500000e+01,-7.018815612792968750e+01,-7.018815612792968750e+01,-7.018815612792968750e+01,-7.018815612792968750e+01,-7.018815612792968750e+01,-7.018815612792968750e+01,-7.018815612792968750e+01,-7.018815612792968750e+01,-7.018815612792968750e+01,-7.018815612792968750e+01,-7.018815612792968750e+01,-7.018815612792968750e+01,-7.018815612792968750e+01,-7.018815612792968750e+01,-7.018815612792968750e+01,-7.018815612792968750e+01,-7.018815612792968750e+01,-7.018815612792968750e+01,-7.018815612792968750e+01,-7.018815612792968750e+01,-7.018815612792968750e+01,-7.018815612792968750e+01,-7.018815612792968750e+01,-7.018815612792968750e+01,-7.018815612792968750e+01,-7.018815612792968750e+01,-7.018815612792968750e+01,-7.018815612792968750e+01,-7.018815612792968750e+01,-7.018815612792968750e+01,-7.018815612792968750e+01,-7.018815612792968750e+01,-7.018815612792968750e+01,-7.018815612792968750e+01,-7.018815612792968750e+01,-7.018815612792968750e+01,-7.018815612792968750e+01,-7.018815612792968750e+01,-7.018815612792968750e+01,-7.018815612792968750e+01,-7.018815612792968750e+01,-7.018815612792968750e+01,-7.018815612792968750e+01,-7.018815612792968750e+01,-7.018815612792968750e+01,-7.018815612792968750e+01,-6.246224975585937500e+01,-6.246224975585937500e+01,-6.246224975585937500e+01,-6.246224975585937500e+01,-6.246224975585937500e+01,-6.246224975585937500e+01,-6.246224975585937500e+01,-6.246224975585937500e+01,-6.246224975585937500e+01,-6.246224975585937500e+01,-6.246224975585937500e+01,-6.246224975585937500e+01,-6.246224975585937500e+01,-6.246224975585937500e+01,-6.246224975585937500e+01,-5.576790618896484375e+01,-4.802075958251953125e+01,-4.802075958251953125e+01,-4.802075958251953125e+01,-4.802075958251953125e+01,-4.802075958251953125e+01,-4.802075958251953125e+01,-4.802075958251953125e+01,-4.802075958251953125e+01,-4.802075958251953125e+01,-4.802075958251953125e+01,-4.737579727172851562e+01,-3.994556808471679688e+01,-4.480470275878906250e+01,-4.454115676879882812e+01,-4.454115676879882812e+01,-4.454115676879882812e+01,-4.454115676879882812e+01,-4.454115676879882812e+01,-4.454115676879882812e+01,-4.454115676879882812e+01,-4.454115676879882812e+01,-4.454115676879882812e+01,-4.454115676879882812e+01,-5.132258605957031250e+01,-5.132258605957031250e+01,-5.132258605957031250e+01,-4.689139556884765625e+01,-4.689139556884765625e+01,-4.689139556884765625e+01,-6.137707138061523438e+01,-6.137707138061523438e+01,-6.137707138061523438e+01,-6.137707138061523438e+01,-4.761808776855468750e+01,-7.206074523925781250e+01,-7.206074523925781250e+01,-7.206074523925781250e+01,-7.206074523925781250e+01,-7.206074523925781250e+01,-6.429323577880859375e+01,-7.525243377685546875e+01,-7.525243377685546875e+01,-7.525243377685546875e+01,-7.525243377685546875e+01,-7.525243377685546875e+01,-7.525243377685546875e+01,-7.525243377685546875e+01,-7.525243377685546875e+01,-7.525243377685546875e+01,-7.525243377685546875e+01,-7.525243377685546875e+01,-7.525243377685546875e+01,-7.525243377685546875e+01,-7.525243377685546875e+01,-7.525243377685546875e+01,-7.525243377685546875e+01,-7.525243377685546875e+01,-7.525243377685546875e+01,-7.525243377685546875e+01,-7.525243377685546875e+01,-7.525243377685546875e+01,-6.852348327636718750e+01,-6.940199279785156250e+01,-5.897773742675781250e+01,-5.696295928955078125e+01,-5.555822372436523438e+01,-5.547751235961914062e+01,-5.562023925781250000e+01,-6.045926666259765625e+01,-6.080738830566406250e+01,-6.438510894775390625e+01,-6.728308105468750000e+01,-6.907202148437500000e+01,-7.153408813476562500e+01,-7.416773986816406250e+01,-7.610806274414062500e+01,-7.638181304931640625e+01,-7.754289245605468750e+01,-7.811156463623046875e+01,-7.854022216796875000e+01,-7.851802062988281250e+01,-7.879245758056640625e+01,-7.884652709960937500e+01,-7.899747467041015625e+01,-7.880743408203125000e+01,-7.887077331542968750e+01,-7.829338073730468750e+01,-7.842191314697265625e+01,-7.870057678222656250e+01,-7.863831329345703125e+01,-7.871754455566406250e+01,-7.888970947265625000e+01,-7.909588623046875000e+01,-7.898321533203125000e+01,-7.901080322265625000e+01,-7.919846343994140625e+01,-7.944612121582031250e+01,-7.963833618164062500e+01,-7.973333740234375000e+01,-7.954747009277343750e+01,-7.923578643798828125e+01
-7.987760925292968750e+01,-7.928851318359375000e+01,-7.654782104492187500e+01,-7.654782104492187500e+01,-7.654782104492187500e+01,-6.065381240844726562e+01,-7.720608520507812500e+01,-7.720608520507812500e+01,-7.720608520507812500e+01,-7.720608520507812500e+01,-7.720608520507812500e+01,-7.720608520507812500e+01,-7.720608520507812500e+01,-7.720608520507812500e+01,-7.720608520507812500e+01,-7.720608520507812500e+01,-7.720608520507812500e+01,-7.720608520507812500e+01,-7.720608520507812500e+01,-7.720608520507812500e+01,-7.720608520507812500e+01,-7.720608520507812500e+01,-7.720608520507812500e+01,-7.720608520507812500e+01,-7.720608520507812500e+01,-7.720608520507812500e+01,-7.720608520507812500e+01,-7.720608520507812500e+01,-7.720608520507812500e+01,-7.720608520507812500e+01,-7.720608520507812500e+01,-7.720608520507812500e+01,-7.720608520507812500e+01,-7.720608520507812500e+01,-7.720608520507812500e+01,-7.720608520507812500e+01,-7.720608520507812500e+01,-7.720608520507812500e+01,-7.720608520507812500e+01,-7.720608520507812500e+01,-7.720608520507812500e+01,-7.720608520507812500e+01,-7.720608520507812500e+01,-7.720608520507812500e+01,-7.720608520507812500e+01,-7.720608520507812500e+01,-7.720608520507812500e+01,-7.720608520507812500e+01,-7.720608520507812500e+01,-7.720608520507812500e+01,-7.720608520507812500e+01,-7.720608520507812500e+01,-6.677035522460937500e+01,-6.677035522460937500e+01,-6.677035522460937500e+01,-6.677035522460937500e+01,-6.677035522460937500e+01,-6.677035522460937500e+01,-6.677035522460937500e+01,-6.677035522460937500e+01,-6.677035522460937500e+01,-6.677035522460937500e+01,-6.677035522460937500e+01,-6.677035522460937500e+01,-6.677035522460937500e+01,-6.677035522460937500e+01,-6.677035522460937500e+01,-5.391637039184570312e+01,-5.184349060058593750e+01,-5.184349060058593750e+01,-5.184349060058593750e+01,-5.184349060058593750e+01,-5.184349060058593750e+01,-5.184349060058593750e+01,-5.184349060058593750e+01,-5.184349060058593750e+01,-5.184349060058593750e+01,-5.184349060058593750e+01,-4.427443695068359375e+01,-3.888162231445312500e+01,-4.040910339355468750e+01,-4.068706512451171875e+01,-4.068706512451171875e+01,-4.068706512451171875e+01,-4.068706512451171875e+01,-4.068706512451171875e+01,-4.068706512451171875e+01,-4.068706512451171875e+01,-4.068706512451171875e+01,-4.068706512451171875e+01,-4.068706512451171875e+01,-5.293763732910156250e+01,-5.293763732910156250e+01,-5.293763732910156250e+01,-4.974301528930664062e+01,-4.974301528930664062e+01,-4.974301528930664062e+01,-6.457505798339843750e+01,-6.457505798339843750e+01,-6.457505798339843750e+01,-6.457505798339843750e+01,-5.586099243164062500e+01,-7.342982482910156250e+01,-7.342982482910156250e+01,-7.342982482910156250e+01,-7.342982482910156250e+01,-7.342982482910156250e+01,-6.579849243164062500e+01,-7.615252685546875000e+01,-7.615252685546875000e+01,-7.615252685546875000e+01,-7.615252685546875000e+01,-7.615252685546875000e+01,-7.615252685546875000e+01,-7.615252685546875000e+01,-7.615252685546875000e+01,-7.615252685546875000e+01,-7.615252685546875000e+01,-7.615252685546875000e+01,-7.615252685546875000e+01,-7.615252685546875000e+01,-7.615252685546875000e+01,-7.615252685546875000e+01,-7.615252685546875000e+01,-7.615252685546875000e+01,-7.615252685546875000e+01,-7.615252685546875000e+01,-7.615252685546875000e+01,-7.615252685546875000e+01,-6.939241790771484375e+01,-7.063997650146484375e+01,-6.034371948242187500e+01,-5.708777999877929688e+01,-5.551626586914062500e+01,-5.345228576660156250e+01,-5.552323150634765625e+01,-5.776097869873046875e+01,-5.974885177612304688e+01,-6.333752822875976562e+01,-6.477426147460937500e+01,-6.819694519042968750e+01,-7.050190734863281250e+01,-7.370629882812500000e+01,-7.497041320800781250e+01,-7.649942016601562500e+01,-7.743745422363281250e+01,-7.828282165527343750e+01,-7.858119201660156250e+01,-7.885968017578125000e+01,-7.909591674804687500e+01,-7.924645996093750000e+01,-7.929616546630859375e+01,-7.928408813476562500e+01,-7.934191894531250000e+01,-7.887338256835937500e+01,-7.893160247802734375e+01,-7.903491210937500000e+01,-7.908042907714843750e+01,-7.916941833496093750e+01,-7.927329254150390625e+01,-7.938253784179687500e+01,-7.946097564697265625e+01,-7.946633911132812500e+01,-7.955180358886718750e+01,-7.964025878906250000e+01,-7.984380340576171875e+01,-7.985496520996093750e+01,-7.978329467773437500e+01,-7.980285644531250000e+01
-7.999810791015625000e+01,-7.998294830322265625e+01,-7.981184387207031250e+01,-7.981184387207031250e+01,-7.981184387207031250e+01,-7.891318511962890625e+01,-7.954426574707031250e+01,-7.954426574707031250e+01,-7.954426574707031250e+01,-7.954426574707031250e+01,-7.954426574707031250e+01,-7.954426574707031250e+01,-7.954426574707031250e+01,-7.954426574707031250e+01,-7.954426574707031250e+01,-7.954426574707031250e+01,-7.954426574707031250e+01,-7.954426574707031250e+01,-7.954426574707031250e+01,-7.954426574707031250e+01,-7.954426574707031250e+01,-7.954426574707031250e+01,-7.954426574707031250e+01,-7.954426574707031250e+01,-7.954426574707031250e+01,-7.954426574707031250e+01,-7.954426574707031250e+01,-7.954426574707031250e+01,-7.954426574707031250e+01,-7.954426574707031250e+01,-7.954426574707031250e+01,-7.954426574707031250e+01,-7.954426574707031250e+01,-7.954426574707031250e+01,-7.954426574707031250e+01,-7.954426574707031250e+01,-7.954426574707031250e+01,-7.954426574707031250e+01,-7.954426574707031250e+01,-7.954426574707031250e+01,-7.954426574707031250e+01,-7.954426574707031250e+01,-7.954426574707031250e+01,-7.954426574707031250e+01,-7.954426574707031250e+01,-7.954426574707031250e+01,-7.954426574707031250e+01,-7.954426574707031250e+01,-7.954426574707031250e+01,-7.954426574707031250e+01,-7.954426574707031250e+01,-7.954426574707031250e+01,-7.483079528808593750e+01,-7.483079528808593750e+01,-7.483079528808593750e+01,-7.483079528808593750e+01,-7.483079528808593750e+01,-7.483079528808593750e+01,-7.483079528808593750e+01,-7.483079528808593750e+01,-7.483079528808593750e+01,-7.483079528808593750e+01,-7.483079528808593750e+01,-7.483079528808593750e+01,-7.483079528808593750e+01,-7.483079528808593750e+01,-7.483079528808593750e+01,-5.846973419189453125e+01,-5.334754943847656250e+01,-5.334754943847656250e+01,-5.334754943847656250e+01,-5.334754943847656250e+01,-5.334754943847656250e+01,-5.334754943847656250e+01,-5.334754943847656250e+01,-5.334754943847656250e+01,-5.334754943847656250e+01,-5.334754943847656250e+01,-4.606824111938476562e+01,-4.086725997924804688e+01,-4.342708587646484375e+01,-4.434169387817382812e+01,-4.434169387817382812e+01,-4.434169387817382812e+01,-4.434169387817382812e+01,-4.434169387817382812e+01,-4.434169387817382812e+01,-4.434169387817382812e+01,-4.434169387817382812e+01,-4.434169387817382812e+01,-4.434169387817382812e+01,-5.465737915039062500e+01,-5.465737915039062500e+01,-5.465737915039062500e+01,-4.792161178588867188e+01,-4.792161178588867188e+01,-4.792161178588867188e+01,-6.689093017578125000e+01,-6.689093017578125000e+01,-6.689093017578125000e+01,-6.689093017578125000e+01,-5.593406677246093750e+01,-7.543538665771484375e+01,-7.543538665771484375e+01,-7.543538665771484375e+01,-7.543538665771484375e+01,-7.543538665771484375e+01,-6.996424865722656250e+01,-7.788514709472656250e+01,-7.788514709472656250e+01,-7.788514709472656250e+01,-7.788514709472656250e+01,-7.788514709472656250e+01,-7.788514709472656250e+01,-7.788514709472656250e+01,-7.788514709472656250e+01,-7.788514709472656250e+01,-7.788514709472656250e+01,-7.788514709472656250e+01,-7.788514709472656250e+01,-7.788514709472656250e+01,-7.788514709472656250e+01,-7.788514709472656250e+01,-7.788514709472656250e+01,-7.788514709472656250e+01,-7.788514709472656250e+01,-7.788514709472656250e+01,-7.788514709472656250e+01,-7.788514709472656250e+01,-7.172068786621093750e+01,-7.252905273437500000e+01,-5.926506042480468750e+01,-5.313512039184570312e+01,-5.317649459838867188e+01,-5.276515960693359375e+01,-5.531488800048828125e+01,-6.233812332153320312e+01,-6.283299255371093750e+01,-6.599353790283203125e+01,-6.736121368408203125e+01,-7.016057586669921875e+01,-7.212231445312500000e+01,-7.535297393798828125e+01,-7.650518798828125000e+01,-7.772192382812500000e+01,-7.854174804687500000e+01,-7.919075012207031250e+01,-7.929081726074218750e+01,-7.951908874511718750e+01,-7.963868713378906250e+01,-7.973571014404296875e+01,-7.972950744628906250e+01,-7.974713134765625000e+01,-7.977113342285156250e+01,-7.946894836425781250e+01,-7.959810638427734375e+01,-7.959281158447265625e+01,-7.965261077880859375e+01,-7.964958190917968750e+01,-7.973503112792968750e+01,-7.975288391113281250e+01,-7.978025054931640625e+01,-7.979608154296875000e+01,-7.984720611572265625e+01,-7.988603973388671875e+01,-7.996543121337890625e+01,-7.996261596679687500e+01,-7.996096801757812500e+01,-7.994989013671875000e+01
-7.725453186035156250e+01,-7.960836791992187500e+01,-7.999022674560546875e+01,-7.999022674560546875e+01,-7.999022674560546875e+01,-7.989785766601562500e+01,-7.876853179931640625e+01,-7.876853179931640625e+01,-7.876853179931640625e+01,-7.876853179931640625e+01,-7.876853179931640625e+01,-7.876853179931640625e+01,-7.876853179931640625e+01,-7.876853179931640625e+01,-7.876853179931640625e+01,-7.876853179931640625e+01,-7.876853179931640625e+01,-7.876853179931640625e+01,-7.876853179931640625e+01,-7.876853179931640625e+01,-7.876853179931640625e+01,-7.876853179931640625e+01,-7.876853179931640625e+01,-7.876853179931640625e+01,-7.876853179931640625e+01,-7.876853179931640625e+01,-7.876853179931640625e+01,-7.876853179931640625e+01,-7.876853179931640625e+01,-7.876853179931640625e+01,-7.876853179931640625e+01,-7.876853179931640625e+01,-7.876853179931640625e+01,-7.876853179931640625e+01,-7.876853179931640625e+01,-7.876853179931640625e+01,-7.876853179931640625e+01,-7.876853179931640625e+01,-7.876853179931640625e+01,-7.876853179931640625e+01,-7.876853179931640625e+01,-7.876853179931640625e+01,-7.876853179931640625e+01,-7.876853179931640625e+01,-7.876853179931640625e+01,-7.876853179931640625e+01,-7.876853179931640625e+01,-7.876853179931640625e+01,-7.876853179931640625e+01,-7.876853179931640625e+01,-7.876853179931640625e+01,-7.876853179931640625e+01,-6.910724639892578125e+01,-6.910724639892578125e+01,-6.910724639892578125e+01,-6.910724639892578125e+01,-6.910724639892578125e+01,-6.910724639892578125e+01,-6.910724639892578125e+01,-6.910724639892578125e+01,-6.910724639892578125e+01,-6.910724639892578125e+01,-6.910724639892578125e+01,-6.910724639892578125e+01,-6.910724639892578125e+01,-6.910724639892578125e+01,-6.910724639892578125e+01,-5.665921401977539062e+01,-4.324006652832031250e+01,-4.324006652832031250e+01,-4.324006652832031250e+01,-4.324006652832031250e+01,-4.324006652832031250e+01,-4.324006652832031250e+01,-4.324006652832031250e+01,-4.324006652832031250e+01,-4.324006652832031250e+01,-4.324006652832031250e+01,-3.449462127685546875e+01,-3.072781181335449219e+01,-3.498130035400390625e+01,-3.310591125488281250e+01,-3.310591125488281250e+01,-3.310591125488281250e+01,-3.310591125488281250e+01,-3.310591125488281250e+01,-3.310591125488281250e+01,-3.310591125488281250e+01,-3.310591125488281250e+01,-3.310591125488281250e+01,-3.310591125488281250e+01,-5.080035781860351562e+01,-5.080035781860351562e+01,-5.080035781860351562e+01,-4.667514419555664062e+01,-4.667514419555664062e+01,-4.667514419555664062e+01,-6.853867340087890625e+01,-6.853867340087890625e+01,-6.853867340087890625e+01,-6.853867340087890625e+01,-6.122821807861328125e+01,-7.659888458251953125e+01,-7.659888458251953125e+01,-7.659888458251953125e+01,-7.659888458251953125e+01,-7.659888458251953125e+01,-6.959431457519531250e+01,-7.697680664062500000e+01,-7.697680664062500000e+01,-7.697680664062500000e+01,-7.697680664062500000e+01,-7.697680664062500000e+01,-7.697680664062500000e+01,-7.697680664062500000e+01,-7.697680664062500000e+01,-7.697680664062500000e+01,-7.697680664062500000e+01,-7.697680664062500000e+01,-7.697680664062500000e+01,-7.697680664062500000e+01,-7.697680664062500000e+01,-7.697680664062500000e+01,-7.697680664062500000e+01,-7.697680664062500000e+01,-7.697680664062500000e+01,-7.697680664062500000e+01,-7.697680664062500000e+01,-7.697680664062500000e+01,-6.881568908691406250e+01,-7.005639648437500000e+01,-5.859122848510742188e+01,-5.299811553955078125e+01,-5.249944305419921875e+01,-5.072306823730468750e+01,-5.265871047973632812e+01,-5.645757293701171875e+01,-5.735216522216796875e+01,-6.236000823974609375e+01,-6.436365509033203125e+01,-6.764697265625000000e+01,-7.117994689941406250e+01,-7.512063598632812500e+01,-7.667721557617187500e+01,-7.794548034667968750e+01,-7.873846435546875000e+01,-7.929844665527343750e+01,-7.945605468750000000e+01,-7.958526611328125000e+01,-7.970446777343750000e+01,-7.975110626220703125e+01,-7.977328491210937500e+01,-7.974607849121093750e+01,-7.979605102539062500e+01,-7.956237792968750000e+01,-7.959172821044921875e+01,-7.961711120605468750e+01,-7.962668609619140625e+01,-7.971133422851562500e+01,-7.973971557617187500e+01,-7.975635528564453125e+01,-7.973011016845703125e+01,-7.979936981201171875e+01,-7.979931640625000000e+01,-7.981912994384765625e+01,-7.992584228515625000e+01,-7.989767456054687500e+01,-7.984240722656250000e+01,-7.990626525878906250e+01
-7.591274261474609375e+01,-7.612446594238281250e+01,-7.989469146728515625e+01,-7.989469146728515625e+01,-7.989469146728515625e+01,-7.977880096435546875e+01,-7.584747314453125000e+01,-7.584747314453125000e+01,-7.584747314453125000e+01,-7.584747314453125000e+01,-7.584747314453125000e+01,-7.584747314453125000e+01,-7.584747314453125000e+01,-7.584747314453125000e+01,-7.584747314453125000e+01,-7.584747314453125000e+01,-7.584747314453125000e+01,-7.584747314453125000e+01,-7.584747314453125000e+01,-7.584747314453125000e+01,-7.584747314453125000e+01,-7.584747314453125000e+01,-7.584747314453125000e+01,-7.584747314453125000e+01,-7.584747314453125000e+01,-7.584747314453125000e+01,-7.584747314453125000e+01,-7.584747314453125000e+01,-7.584747314453125000e+01,-7.584747314453125000e+01,-7.584747314453125000e+01,-7.584747314453125000e+01,-7.584747314453125000e+01,-7.584747314453125000e+01,-7.584747314453125000e+01,-7.584747314453125000e+01,-7.584747314453125000e+01,-7.584747314453125000e+01,-7.584747314453125000e+01,-7.584747314453125000e+01,-7.584747314453125000e+01,-7.584747314453125000e+01,-7.584747314453125000e+01,-7.584747314453125000e+01,-7.584747314453125000e+01,-7.584747314453125000e+01,-7.584747314453125000e+01,-7.584747314453125000e+01,-7.584747314453125000e+01,-7.584747314453125000e+01,-7.584747314453125000e+01,-7.584747314453125000e+01,-6.423157501220703125e+01,-6.423157501220703125e+01,-6.423157501220703125e+01,-6.423157501220703125e+01,-6.423157501220703125e+01,-6.423157501220703125e+01,-6.423157501220703125e+01,-6.423157501220703125e+01,-6.423157501220703125e+01,-6.423157501220703125e+01,-6.423157501220703125e+01,-6.423157501220703125e+01,-6.423157501220703125e+01,-6.423157501220703125e+01,-6.423157501220703125e+01,-5.441323852539062500e+01,-4.985865783691406250e+01,-4.985865783691406250e+01,-4.985865783691406250e+01,-4.985865783691406250e+01,-4.985865783691406250e+01,-4.985865783691406250e+01,-4.985865783691406250e+01,-4.985865783691406250e+01,-4.985865783691406250e+01,-4.985865783691406250e+01,-3.786655426025390625e+01,-3.897164535522460938e+01,-4.236876296997070312e+01,-3.786110687255859375e+01,-3.786110687255859375e+01,-3.786110687255859375e+01,-3.786110687255859375e+01,-3.786110687255859375e+01,-3.786110687255859375e+01,-3.786110687255859375e+01,-3.786110687255859375e+01,-3.786110687255859375e+01,-3.786110687255859375e+01,-5.010308074951171875e+01,-5.010308074951171875e+01,-5.010308074951171875e+01,-4.679291152954101562e+01,-4.679291152954101562e+01,-4.679291152954101562e+01,-6.641482543945312500e+01,-6.641482543945312500e+01,-6.641482543945312500e+01,-6.641482543945312500e+01,-5.653678131103515625e+01,-7.495145416259765625e+01,-7.495145416259765625e+01,-7.495145416259765625e+01,-7.495145416259765625e+01,-7.495145416259765625e+01,-6.520080566406250000e+01,-7.521781158447265625e+01,-7.521781158447265625e+01,-7.521781158447265625e+01,-7.521781158447265625e+01,-7.521781158447265625e+01,-7.521781158447265625e+01,-7.521781158447265625e+01,-7.521781158447265625e+01,-7.521781158447265625e+01,-7.521781158447265625e+01,-7.521781158447265625e+01,-7.521781158447265625e+01,-7.521781158447265625e+01,-7.521781158447265625e+01,-7.521781158447265625e+01,-7.521781158447265625e+01,-7.521781158447265625e+01,-7.521781158447265625e+01,-7.521781158447265625e+01,-7.521781158447265625e+01,-7.521781158447265625e+01,-6.414920806884765625e+01,-6.655997467041015625e+01,-5.360144805908203125e+01,-4.875129699707031250e+01,-4.941065979003906250e+01,-4.771840667724609375e+01,-5.107344436645507812e+01,-5.584651565551757812e+01,-5.709682464599609375e+01,-6.192384338378906250e+01,-6.506050109863281250e+01,-6.725802612304687500e+01,-7.107452392578125000e+01,-7.342714691162109375e+01,-7.537516784667968750e+01,-7.632461547851562500e+01,-7.754139709472656250e+01,-7.820066833496093750e+01,-7.842095947265625000e+01,-7.867887878417968750e+01,-7.895569610595703125e+01,-7.909828186035156250e+01,-7.909649658203125000e+01,-7.904417419433593750e+01,-7.915841674804687500e+01,-7.853179931640625000e+01,-7.861341857910156250e+01,-7.852015686035156250e+01,-7.857887268066406250e+01,-7.870841217041015625e+01,-7.881391906738281250e+01,-7.875018310546875000e+01,-7.883532714843750000e+01,-7.891871643066406250e+01,-7.904394531250000000e+01,-7.877375793457031250e+01,-7.943347167968750000e+01,-7.916569519042968750e+01,-7.907661437988281250e+01,-7.956526184082031250e+01
-7.998310852050781250e+01,-7.991584777832031250e+01,-7.998454284667968750e+01,-7.998454284667968750e+01,-7.998454284667968750e+01,-7.660845947265625000e+01,-7.886119079589843750e+01,-7.886119079589843750e+01,-7.886119079589843750e+01,-7.886119079589843750e+01,-7.886119079589843750e+01,-7.886119079589843750e+01,-7.886119079589843750e+01,-7.886119079589843750e+01,-7.886119079589843750e+01,-7.886119079589843750e+01,-7.886119079589843750e+01,-7.886119079589843750e+01,-7.886119079589843750e+01,-7.886119079589843750e+01,-7.886119079589843750e+01,-7.886119079589843750e+01,-7.886119079589843750e+01,-7.886119079589843750e+01,-7.886119079589843750e+01,-7.886119079589843750e+01,-7.886119079589843750e+01,-7.886119079589843750e+01,-7.886119079589843750e+01,-7.886119079589843750e+01,-7.886119079589843750e+01,-7.886119079589843750e+01,-7.886119079589843750e+01,-7.886119079589843750e+01,-7.886119079589843750e+01,-7.886119079589843750e+01,-7.886119079589843750e+01,-7.886119079589843750e+01,-7.886119079589843750e+01,-7.886119079589843750e+01,-7.886119079589843750e+01,-7.886119079589843750e+01,-7.886119079589843750e+01,-7.886119079589843750e+01,-7.886119079589843750e+01,-7.886119079589843750e+01,-7.886119079589843750e+01,-7.886119079589843750e+01,-7.886119079589843750e+01,-7.886119079589843750e+01,-7.886119079589843750e+01,-7.886119079589843750e+01,-6.467041015625000000e+01,-6.467041015625000000e+01,-6.467041015625000000e+01,-6.467041015625000000e+01,-6.467041015625000000e+01,-6.467041015625000000e+01,-6.467041015625000000e+01,-6.467041015625000000e+01,-6.467041015625000000e+01,-6.467041015625000000e+01,-6.467041015625000000e+01,-6.467041015625000000e+01,-6.467041015625000000e+01,-6.467041015625000000e+01,-6.467041015625000000e+01,-5.439992523193359375e+01,-5.796255493164062500e+01,-5.796255493164062500e+01,-5.796255493164062500e+01,-5.796255493164062500e+01,-5.796255493164062500e+01,-5.796255493164062500e+01,-5.796255493164062500e+01,-5.796255493164062500e+01,-5.796255493164062500e+01,-5.796255493164062500e+01,-4.068482589721679688e+01,-4.947359085083007812e+01,-5.078269195556640625e+01,-4.849364852905273438e+01,-4.849364852905273438e+01,-4.849364852905273438e+01,-4.849364852905273438e+01,-4.849364852905273438e+01,-4.849364852905273438e+01,-4.849364852905273438e+01,-4.849364852905273438e+01,-4.849364852905273438e+01,-4.849364852905273438e+01,-5.067288970947265625e+01,-5.067288970947265625e+01,-5.067288970947265625e+01,-5.264110565185546875e+01,-5.264110565185546875e+01,-5.264110565185546875e+01,-6.099667358398437500e+01,-6.099667358398437500e+01,-6.099667358398437500e+01,-6.099667358398437500e+01,-5.790022277832031250e+01,-6.923051452636718750e+01,-6.923051452636718750e+01,-6.923051452636718750e+01,-6.923051452636718750e+01,-6.923051452636718750e+01,-6.471371459960937500e+01,-7.110498046875000000e+01,-7.110498046875000000e+01,-7.110498046875000000e+01,-7.110498046875000000e+01,-7.110498046875000000e+01,-7.110498046875000000e+01,-7.110498046875000000e+01,-7.110498046875000000e+01,-7.110498046875000000e+01,-7.110498046875000000e+01,-7.110498046875000000e+01,-7.110498046875000000e+01,-7.110498046875000000e+01,-7.110498046875000000e+01,-7.110498046875000000e+01,-7.110498046875000000e+01,-7.110498046875000000e+01,-7.110498046875000000e+01,-7.110498046875000000e+01,-7.110498046875000000e+01,-7.110498046875000000e+01,-6.274978256225585938e+01,-6.115752029418945312e+01,-5.036928939819335938e+01,-4.470948028564453125e+01,-4.644245529174804688e+01,-4.369919967651367188e+01,-4.695999908447265625e+01,-5.596880340576171875e+01,-5.700911712646484375e+01,-6.388822174072265625e+01,-6.593127441406250000e+01,-6.959313964843750000e+01,-7.218945312500000000e+01,-7.500267791748046875e+01,-7.573089599609375000e+01,-7.724480438232421875e+01,-7.784188079833984375e+01,-7.865744781494140625e+01,-7.861590576171875000e+01,-7.898886108398437500e+01,-7.913344573974609375e+01,-7.936061096191406250e+01,-7.927730560302734375e+01,-7.928093719482421875e+01,-7.931269836425781250e+01,-7.883395385742187500e+01,-7.895350646972656250e+01,-7.890951538085937500e+01,-7.896693420410156250e+01,-7.896585083007812500e+01,-7.907572174072265625e+01,-7.904661560058593750e+01,-7.916786193847656250e+01,-7.915580749511718750e+01,-7.930915069580078125e+01,-7.929414367675781250e+01,-7.957164764404296875e+01,-7.960070800781250000e+01,-7.941813659667968750e+01,-7.962654876708984375e+01
-7.981172180175781250e+01,-7.521646881103515625e+01,-7.975801086425781250e+01,-7.975801086425781250e+01,-7.975801086425781250e+01,-7.241882324218750000e+01,-7.303242492675781250e+01,-7.303242492675781250e+01,-7.303242492675781250e+01,-7.303242492675781250e+01,-7.303242492675781250e+01,-7.303242492675781250e+01,-7.303242492675781250e+01,-7.303242492675781250e+01,-7.303242492675781250e+01,-7.303242492675781250e+01,-7.303242492675781250e+01,-7.303242492675781250e+01,-7.303242492675781250e+01,-7.303242492675781250e+01,-7.303242492675781250e+01,-7.303242492675781250e+01,-7.303242492675781250e+01,-7.303242492675781250e+01,-7.303242492675781250e+01,-7.303242492675781250e+01,-7.303242492675781250e+01,-7.303242492675781250e+01,-7.303242492675781250e+01,-7.303242492675781250e+01,-7.303242492675781250e+01,-7.303242492675781250e+01,-7.303242492675781250e+01,-7.303242492675781250e+01,-7.303242492675781250e+01,-7.303242492675781250e+01,-7.303242492675781250e+01,-7.303242492675781250e+01,-7.303242492675781250e+01,-7.303242492675781250e+01,-7.303242492675781250e+01,-7.303242492675781250e+01,-7.303242492675781250e+01,-7.303242492675781250e+01,-7.303242492675781250e+01,-7.303242492675781250e+01,-7.303242492675781250e+01,-7.303242492675781250e+01,-7.303242492675781250e+01,-7.303242492675781250e+01,-7.303242492675781250e+01,-7.303242492675781250e+01,-7.094117736816406250e+01,-7.094117736816406250e+01,-7.094117736816406250e+01,-7.094117736816406250e+01,-7.094117736816406250e+01,-7.094117736816406250e+01,-7.094117736816406250e+01,-7.094117736816406250e+01,-7.094117736816406250e+01,-7.094117736816406250e+01,-7.094117736816406250e+01,-7.094117736816406250e+01,-7.094117736816406250e+01,-7.094117736816406250e+01,-7.094117736816406250e+01,-5.689942932128906250e+01,-6.523361968994140625e+01,-6.523361968994140625e+01,-6.523361968994140625e+01,-6.523361968994140625e+01,-6.523361968994140625e+01,-6.523361968994140625e+01,-6.523361968994140625e+01,-6.523361968994140625e+01,-6.523361968994140625e+01,-6.523361968994140625e+01,-4.352975463867187500e+01,-5.474156188964843750e+01,-5.400799179077148438e+01,-5.422805404663085938e+01,-5.422805404663085938e+01,-5.422805404663085938e+01,-5.422805404663085938e+01,-5.422805404663085938e+01,-5.422805404663085938e+01,-5.422805404663085938e+01,-5.422805404663085938e+01,-5.422805404663085938e+01,-5.422805404663085938e+01,-5.625008392333984375e+01,-5.625008392333984375e+01,-5.625008392333984375e+01,-5.226099395751953125e+01,-5.226099395751953125e+01,-5.226099395751953125e+01,-6.265961074829101562e+01,-6.265961074829101562e+01,-6.265961074829101562e+01,-6.265961074829101562e+01,-5.883431625366210938e+01,-7.051477050781250000e+01,-7.051477050781250000e+01,-7.051477050781250000e+01,-7.051477050781250000e+01,-7.051477050781250000e+01,-6.394240570068359375e+01,-6.848903656005859375e+01,-6.848903656005859375e+01,-6.848903656005859375e+01,-6.848903656005859375e+01,-6.848903656005859375e+01,-6.848903656005859375e+01,-6.848903656005859375e+01,-6.848903656005859375e+01,-6.848903656005859375e+01,-6.848903656005859375e+01,-6.848903656005859375e+01,-6.848903656005859375e+01,-6.848903656005859375e+01,-6.848903656005859375e+01,-6.848903656005859375e+01,-6.848903656005859375e+01,-6.848903656005859375e+01,-6.848903656005859375e+01,-6.848903656005859375e+01,-6.848903656005859375e+01,-6.848903656005859375e+01,-6.159051895141601562e+01,-5.893151473999023438e+01,-5.335046768188476562e+01,-4.877064514160156250e+01,-4.944132995605468750e+01,-4.732899856567382812e+01,-5.101308822631835938e+01,-5.662683486938476562e+01,-5.685623168945312500e+01,-6.002420043945312500e+01,-6.217520904541015625e+01,-6.426437377929687500e+01,-6.695617675781250000e+01,-6.907067871093750000e+01,-7.052742767333984375e+01,-7.251765441894531250e+01,-7.321387481689453125e+01,-7.479675292968750000e+01,-7.488415527343750000e+01,-7.592398071289062500e+01,-7.606140136718750000e+01,-7.660737609863281250e+01,-7.643164825439453125e+01,-7.671864318847656250e+01,-7.666307067871093750e+01,-7.514120483398437500e+01,-7.536846923828125000e+01,-7.551667785644531250e+01,-7.563385009765625000e+01,-7.607027435302734375e+01,-7.607223510742187500e+01,-7.609584045410156250e+01,-7.632971191406250000e+01,-7.589078521728515625e+01,-7.626130676269531250e+01,-7.623202514648437500e+01,-7.768699645996093750e+01,-7.770415496826171875e+01,-7.756047058105468750e+01,-7.767851257324218750e+01
-7.990705871582031250e+01,-7.988741302490234375e+01,-7.997636413574218750e+01,-7.997636413574218750e+01,-7.997636413574218750e+01,-7.993827819824218750e+01,-7.895269775390625000e+01,-7.895269775390625000e+01,-7.895269775390625000e+01,-7.895269775390625000e+01,-7.895269775390625000e+01,-7.895269775390625000e+01,-7.895269775390625000e+01,-7.895269775390625000e+01,-7.895269775390625000e+01,-7.895269775390625000e+01,-7.895269775390625000e+01,-7.895269775390625000e+01,-7.895269775390625000e+01,-7.895269775390625000e+01,-7.895269775390625000e+01,-7.895269775390625000e+01,-7.895269775390625000e+01,-7.895269775390625000e+01,-7.895269775390625000e+01,-7.895269775390625000e+01,-7.895269775390625000e+01,-7.895269775390625000e+01,-7.895269775390625000e+01,-7.895269775390625000e+01,-7.895269775390625000e+01,-7.895269775390625000e+01,-7.895269775390625000e+01,-7.895269775390625000e+01,-7.895269775390625000e+01,-7.895269775390625000e+01,-7.895269775390625000e+01,-7.895269775390625000e+01,-7.895269775390625000e+01,-7.895269775390625000e+01,-7.895269775390625000e+01,-7.895269775390625000e+01,-7.895269775390625000e+01,-7.895269775390625000e+01,-7.895269775390625000e+01,-7.895269775390625000e+01,-7.895269775390625000e+01,-7.895269775390625000e+01,-7.895269775390625000e+01,-7.895269775390625000e+01,-7.895269775390625000e+01,-7.895269775390625000e+01,-7.311309814453125000e+01,-7.311309814453125000e+01,-7.311309814453125000e+01,-7.311309814453125000e+01,-7.311309814453125000e+01,-7.311309814453125000e+01,-7.311309814453125000e+01,-7.311309814453125000e+01,-7.311309814453125000e+01,-7.311309814453125000e+01,-7.311309814453125000e+01,-7.311309814453125000e+01,-7.311309814453125000e+01,-7.311309814453125000e+01,-7.311309814453125000e+01,-6.062172317504882812e+01,-6.546224212646484375e+01,-6.546224212646484375e+01,-6.546224212646484375e+01,-6.546224212646484375e+01,-6.546224212646484375e+01,-6.546224212646484375e+01,-6.546224212646484375e+01,-6.546224212646484375e+01,-6.546224212646484375e+01,-6.546224212646484375e+01,-4.095430755615234375e+01,-5.029685974121093750e+01,-5.344343185424804688e+01,-5.361305236816406250e+01,-5.361305236816406250e+01,-5.361305236816406250e+01,-5.361305236816406250e+01,-5.361305236816406250e+01,-5.361305236816406250e+01,-5.361305236816406250e+01,-5.361305236816406250e+01,-5.361305236816406250e+01,-5.361305236816406250e+01,-5.759954833984375000e+01,-5.759954833984375000e+01,-5.759954833984375000e+01,-5.740270996093750000e+01,-5.740270996093750000e+01,-5.740270996093750000e+01,-6.770628356933593750e+01,-6.770628356933593750e+01,-6.770628356933593750e+01,-6.770628356933593750e+01,-6.444493103027343750e+01,-7.544758605957031250e+01,-7.544758605957031250e+01,-7.544758605957031250e+01,-7.544758605957031250e+01,-7.544758605957031250e+01,-7.092969512939453125e+01,-7.500605773925781250e+01,-7.500605773925781250e+01,-7.500605773925781250e+01,-7.500605773925781250e+01,-7.500605773925781250e+01,-7.500605773925781250e+01,-7.500605773925781250e+01,-7.500605773925781250e+01,-7.500605773925781250e+01,-7.500605773925781250e+01,-7.500605773925781250e+01,-7.500605773925781250e+01,-7.500605773925781250e+01,-7.500605773925781250e+01,-7.500605773925781250e+01,-7.500605773925781250e+01,-7.500605773925781250e+01,-7.500605773925781250e+01,-7.500605773925781250e+01,-7.500605773925781250e+01,-7.500605773925781250e+01,-6.704072570800781250e+01,-6.424819946289062500e+01,-5.482892990112304688e+01,-4.998157119750976562e+01,-5.095950317382812500e+01,-4.794266128540039062e+01,-5.166308593750000000e+01,-5.786295700073242188e+01,-5.891397094726562500e+01,-6.442523956298828125e+01,-6.537086486816406250e+01,-6.802874755859375000e+01,-7.056259155273437500e+01,-7.389511871337890625e+01,-7.481140899658203125e+01,-7.608737182617187500e+01,-7.725078582763671875e+01,-7.822111511230468750e+01,-7.835130310058593750e+01,-7.867123413085937500e+01,-7.896748352050781250e+01,-7.924050140380859375e+01,-7.926785278320312500e+01,-7.924298095703125000e+01,-7.930946350097656250e+01,-7.882058715820312500e+01,-7.894305419921875000e+01,-7.890952301025390625e+01,-7.894973754882812500e+01,-7.894572448730468750e+01,-7.901519775390625000e+01,-7.901561737060546875e+01,-7.904682922363281250e+01,-7.887710571289062500e+01,-7.896074676513671875e+01,-7.911814880371093750e+01,-7.946071624755859375e+01,-7.948229980468750000e+01,-7.926010131835937500e+01,-7.931416320800781250e+01
-7.750425720214843750e+01,-7.822098541259765625e+01,-7.987902832031250000e+01,-7.987902832031250000e+01,-7.987902832031250000e+01,-7.976606750488281250e+01,-7.686708831787109375e+01,-7.686708831787109375e+01,-7.686708831787109375e+01,-7.686708831787109375e+01,-7.686708831787109375e+01,-7.686708831787109375e+01,-7.686708831787109375e+01,-7.686708831787109375e+01,-7.686708831787109375e+01,-7.686708831787109375e+01,-7.686708831787109375e+01,-7.686708831787109375e+01,-7.686708831787109375e+01,-7.686708831787109375e+01,-7.686708831787109375e+01,-7.686708831787109375e+01,-7.686708831787109375e+01,-7.686708831787109375e+01,-7.686708831787109375e+01,-7.686708831787109375e+01,-7.686708831787109375e+01,-7.686708831787109375e+01,-7.686708831787109375e+01,-7.686708831787109375e+01,-7.686708831787109375e+01,-7.686708831787109375e+01,-7.686708831787109375e+01,-7.686708831787109375e+01,-7.686708831787109375e+01,-7.686708831787109375e+01,-7.686708831787109375e+01,-7.686708831787109375e+01,-7.686708831787109375e+01,-7.686708831787109375e+01,-7.686708831787109375e+01,-7.686708831787109375e+01,-7.686708831787109375e+01,-7.686708831787109375e+01,-7.686708831787109375e+01,-7.686708831787109375e+01,-7.686708831787109375e+01,-7.686708831787109375e+01,-7.686708831787109375e+01,-7.686708831787109375e+01,-7.686708831787109375e+01,-7.686708831787109375e+01,-7.343327331542968750e+01,-7.343327331542968750e+01,-7.343327331542968750e+01,-7.343327331542968750e+01,-7.343327331542968750e+01,-7.343327331542968750e+01,-7.343327331542968750e+01,-7.343327331542968750e+01,-7.343327331542968750e+01,-7.343327331542968750e+01,-7.343327331542968750e+01,-7.343327331542968750e+01,-7.343327331542968750e+01,-7.343327331542968750e+01,-7.343327331542968750e+01,-5.955672836303710938e+01,-6.618653106689453125e+01,-6.618653106689453125e+01,-6.618653106689453125e+01,-6.618653106689453125e+01,-6.618653106689453125e+01,-6.618653106689453125e+01,-6.618653106689453125e+01,-6.618653106689453125e+01,-6.618653106689453125e+01,-6.618653106689453125e+01,-4.889813232421875000e+01,-5.827430725097656250e+01,-5.918018341064453125e+01,-5.817002487182617188e+01,-5.817002487182617188e+01,-5.817002487182617188e+01,-5.817002487182617188e+01,-5.817002487182617188e+01,-5.817002487182617188e+01,-5.817002487182617188e+01,-5.817002487182617188e+01,-5.817002487182617188e+01,-5.817002487182617188e+01,-6.359854125976562500e+01,-6.359854125976562500e+01,-6.359854125976562500e+01,-5.900096893310546875e+01,-5.900096893310546875e+01,-5.900096893310546875e+01,-7.079872131347656250e+01,-7.079872131347656250e+01,-7.079872131347656250e+01,-7.079872131347656250e+01,-6.019128036499023438e+01,-7.348421478271484375e+01,-7.348421478271484375e+01,-7.348421478271484375e+01,-7.348421478271484375e+01,-7.348421478271484375e+01,-6.478823089599609375e+01,-7.123797607421875000e+01,-7.123797607421875000e+01,-7.123797607421875000e+01,-7.123797607421875000e+01,-7.123797607421875000e+01,-7.123797607421875000e+01,-7.123797607421875000e+01,-7.123797607421875000e+01,-7.123797607421875000e+01,-7.123797607421875000e+01,-7.123797607421875000e+01,-7.123797607421875000e+01,-7.123797607421875000e+01,-7.123797607421875000e+01,-7.123797607421875000e+01,-7.123797607421875000e+01,-7.123797607421875000e+01,-7.123797607421875000e+01,-7.123797607421875000e+01,-7.123797607421875000e+01,-7.123797607421875000e+01,-6.298025512695312500e+01,-5.924423599243164062e+01,-5.142500305175781250e+01,-4.736301422119140625e+01,-5.036688232421875000e+01,-4.603264236450195312e+01,-5.177790069580078125e+01,-5.565705490112304688e+01,-5.908049774169921875e+01,-6.232285690307617188e+01,-6.169061279296875000e+01,-6.489630126953125000e+01,-6.643432617187500000e+01,-6.946451568603515625e+01,-6.968063354492187500e+01,-7.195146179199218750e+01,-7.304859161376953125e+01,-7.444791412353515625e+01,-7.466522979736328125e+01,-7.521109771728515625e+01,-7.601493835449218750e+01,-7.645619201660156250e+01,-7.652079772949218750e+01,-7.634902954101562500e+01,-7.667929077148437500e+01,-7.642640686035156250e+01,-7.613690185546875000e+01,-7.650287628173828125e+01,-7.625998687744140625e+01,-7.674859619140625000e+01,-7.667523193359375000e+01,-7.671043395996093750e+01,-7.691291809082031250e+01,-7.650880432128906250e+01,-7.642120361328125000e+01,-7.697451782226562500e+01,-7.773667907714843750e+01,-7.774757385253906250e+01,-7.642796325683593750e+01,-7.781121826171875000e+01
-6.606982421875000000e+01,-7.880474853515625000e+01,-7.055796051025390625e+01,-7.055796051025390625e+01,-7.055796051025390625e+01,-7.825497436523437500e+01,-7.185696411132812500e+01,-7.185696411132812500e+01,-7.185696411132812500e+01,-7.185696411132812500e+01,-7.185696411132812500e+01,-7.185696411132812500e+01,-7.185696411132812500e+01,-7.185696411132812500e+01,-7.185696411132812500e+01,-7.185696411132812500e+01,-7.185696411132812500e+01,-7.185696411132812500e+01,-7.185696411132812500e+01,-7.185696411132812500e+01,-7.185696411132812500e+01,-7.185696411132812500e+01,-7.185696411132812500e+01,-7.185696411132812500e+01,-7.185696411132812500e+01,-7.185696411132812500e+01,-7.185696411132812500e+01,-7.185696411132812500e+01,-7.185696411132812500e+01,-7.185696411132812500e+01,-7.185696411132812500e+01,-7.185696411132812500e+01,-7.185696411132812500e+01,-7.185696411132812500e+01,-7.185696411132812500e+01,-7.185696411132812500e+01,-7.185696411132812500e+01,-7.185696411132812500e+01,-7.185696411132812500e+01,-7.185696411132812500e+01,-7.185696411132812500e+01,-7.185696411132812500e+01,-7.185696411132812500e+01,-7.185696411132812500e+01,-7.185696411132812500e+01,-7.185696411132812500e+01,-7.185696411132812500e+01,-7.185696411132812500e+01,-7.185696411132812500e+01,-7.185696411132812500e+01,-7.185696411132812500e+01,-7.185696411132812500e+01,-7.536811828613281250e+01,-7.536811828613281250e+01,-7.536811828613281250e+01,-7.536811828613281250e+01,-7.536811828613281250e+01,-7.536811828613281250e+01,-7.536811828613281250e+01,-7.536811828613281250e+01,-7.536811828613281250e+01,-7.536811828613281250e+01,-7.536811828613281250e+01,-7.536811828613281250e+01,-7.536811828613281250e+01,-7.536811828613281250e+01,-7.536811828613281250e+01,-6.419326019287109375e+01,-6.792289733886718750e+01,-6.792289733886718750e+01,-6.792289733886718750e+01,-6.792289733886718750e+01,-6.792289733886718750e+01,-6.792289733886718750e+01,-6.792289733886718750e+01,-6.792289733886718750e+01,-6.792289733886718750e+01,-6.792289733886718750e+01,-4.404368591308593750e+01,-5.484385681152343750e+01,-5.140847778320312500e+01,-5.321095275878906250e+01,-5.321095275878906250e+01,-5.321095275878906250e+01,-5.321095275878906250e+01,-5.321095275878906250e+01,-5.321095275878906250e+01,-5.321095275878906250e+01,-5.321095275878906250e+01,-5.321095275878906250e+01,-5.321095275878906250e+01,-5.644142150878906250e+01,-5.644142150878906250e+01,-5.644142150878906250e+01,-5.778577423095703125e+01,-5.778577423095703125e+01,-5.778577423095703125e+01,-6.896967315673828125e+01,-6.896967315673828125e+01,-6.896967315673828125e+01,-6.896967315673828125e+01,-6.203240966796875000e+01,-7.418838500976562500e+01,-7.418838500976562500e+01,-7.418838500976562500e+01,-7.418838500976562500e+01,-7.418838500976562500e+01,-6.511166381835937500e+01,-7.117713165283203125e+01,-7.117713165283203125e+01,-7.117713165283203125e+01,-7.117713165283203125e+01,-7.117713165283203125e+01,-7.117713165283203125e+01,-7.117713165283203125e+01,-7.117713165283203125e+01,-7.117713165283203125e+01,-7.117713165283203125e+01,-7.117713165283203125e+01,-7.117713165283203125e+01,-7.117713165283203125e+01,-7.117713165283203125e+01,-7.117713165283203125e+01,-7.117713165283203125e+01,-7.117713165283203125e+01,-7.117713165283203125e+01,-7.117713165283203125e+01,-7.117713165283203125e+01,-7.117713165283203125e+01,-5.666480636596679688e+01,-5.420270919799804688e+01,-4.435972213745117188e+01,-4.126930236816406250e+01,-4.469065856933593750e+01,-4.165865707397460938e+01,-4.810417556762695312e+01,-5.321662902832031250e+01,-5.524046325683593750e+01,-5.971155548095703125e+01,-6.119512939453125000e+01,-6.330778503417968750e+01,-6.627156066894531250e+01,-6.857173919677734375e+01,-6.973602294921875000e+01,-7.069106292724609375e+01,-7.289471435546875000e+01,-7.347095489501953125e+01,-7.401467895507812500e+01,-7.393691253662109375e+01,-7.546242523193359375e+01,-7.529012298583984375e+01,-7.574252319335937500e+01,-7.535502624511718750e+01,-7.639418029785156250e+01,-7.587953186035156250e+01,-7.569587707519531250e+01,-7.573329162597656250e+01,-7.563174438476562500e+01,-7.615614318847656250e+01,-7.606538391113281250e+01,-7.586369323730468750e+01,-7.634124755859375000e+01,-7.612036895751953125e+01,-7.582751464843750000e+01,-7.556212615966796875e+01,-7.759574127197265625e+01,-7.685273742675781250e+01,-7.558343505859375000e+01,-7.766949462890625000e+01
-7.998426818847656250e+01,-7.908521270751953125e+01,-7.847052001953125000e+01,-7.847052001953125000e+01,-7.847052001953125000e+01,-7.980418395996093750e+01,-7.759327697753906250e+01,-7.759327697753906250e+01,-7.759327697753906250e+01,-7.759327697753906250e+01,-7.759327697753906250e+01,-7.759327697753906250e+01,-7.759327697753906250e+01,-7.759327697753906250e+01,-7.759327697753906250e+01,-7.759327697753906250e+01,-7.759327697753906250e+01,-7.759327697753906250e+01,-7.759327697753906250e+01,-7.759327697753906250e+01,-7.759327697753906250e+01,-7.759327697753906250e+01,-7.759327697753906250e+01,-7.759327697753906250e+01,-7.759327697753906250e+01,-7.759327697753906250e+01,-7.759327697753906250e+01,-7.759327697753906250e+01,-7.759327697753906250e+01,-7.759327697753906250e+01,-7.759327697753906250e+01,-7.759327697753906250e+01,-7.759327697753906250e+01,-7.759327697753906250e+01,-7.759327697753906250e+01,-7.759327697753906250e+01,-7.759327697753906250e+01,-7.759327697753906250e+01,-7.759327697753906250e+01,-7.759327697753906250e+01,-7.759327697753906250e+01,-7.759327697753906250e+01,-7.759327697753906250e+01,-7.759327697753906250e+01,-7.759327697753906250e+01,-7.759327697753906250e+01,-7.759327697753906250e+01,-7.759327697753906250e+01,-7.759327697753906250e+01,-7.759327697753906250e+01,-7.759327697753906250e+01,-7.759327697753906250e+01,-7.590021514892578125e+01,-7.590021514892578125e+01,-7.590021514892578125e+01,-7.590021514892578125e+01,-7.590021514892578125e+01,-7.590021514892578125e+01,-7.590021514892578125e+01,-7.590021514892578125e+01,-7.590021514892578125e+01,-7.590021514892578125e+01,-7.590021514892578125e+01,-7.590021514892578125e+01,-7.590021514892578125e+01,-7.590021514892578125e+01,-7.590021514892578125e+01,-6.112244033813476562e+01,-5.969599914550781250e+01,-5.969599914550781250e+01,-5.969599914550781250e+01,-5.969599914550781250e+01,-5.969599914550781250e+01,-5.969599914550781250e+01,-5.969599914550781250e+01,-5.969599914550781250e+01,-5.969599914550781250e+01,-5.969599914550781250e+01,-3.781081771850585938e+01,-4.159321975708007812e+01,-4.852191925048828125e+01,-5.073482513427734375e+01,-5.073482513427734375e+01,-5.073482513427734375e+01,-5.073482513427734375e+01,-5.073482513427734375e+01,-5.073482513427734375e+01,-5.073482513427734375e+01,-5.073482513427734375e+01,-5.073482513427734375e+01,-5.073482513427734375e+01,-5.971291732788085938e+01,-5.971291732788085938e+01,-5.971291732788085938e+01,-5.692433547973632812e+01,-5.692433547973632812e+01,-5.692433547973632812e+01,-7.143848419189453125e+01,-7.143848419189453125e+01,-7.143848419189453125e+01,-7.143848419189453125e+01,-5.756653594970703125e+01,-7.421338653564453125e+01,-7.421338653564453125e+01,-7.421338653564453125e+01,-7.421338653564453125e+01,-7.421338653564453125e+01,-6.025319290161132812e+01,-6.975312805175781250e+01,-6.975312805175781250e+01,-6.975312805175781250e+01,-6.975312805175781250e+01,-6.975312805175781250e+01,-6.975312805175781250e+01,-6.975312805175781250e+01,-6.975312805175781250e+01,-6.975312805175781250e+01,-6.975312805175781250e+01,-6.975312805175781250e+01,-6.975312805175781250e+01,-6.975312805175781250e+01,-6.975312805175781250e+01,-6.975312805175781250e+01,-6.975312805175781250e+01,-6.975312805175781250e+01,-6.975312805175781250e+01,-6.975312805175781250e+01,-6.975312805175781250e+01,-6.975312805175781250e+01,-5.240704727172851562e+01,-5.061772155761718750e+01,-4.064297485351562500e+01,-3.671126556396484375e+01,-4.147210311889648438e+01,-3.992784881591796875e+01,-4.564050292968750000e+01,-5.344123840332031250e+01,-5.537032699584960938e+01,-6.065883636474609375e+01,-6.118839645385742188e+01,-6.452611541748046875e+01,-6.670502471923828125e+01,-7.037300109863281250e+01,-7.028753662109375000e+01,-7.214980316162109375e+01,-7.364253997802734375e+01,-7.497992706298828125e+01,-7.472659301757812500e+01,-7.532364654541015625e+01,-7.634065246582031250e+01,-7.647560882568359375e+01,-7.648560333251953125e+01,-7.638170623779296875e+01,-7.723826599121093750e+01,-7.693980407714843750e+01,-7.703883361816406250e+01,-7.686912536621093750e+01,-7.668095397949218750e+01,-7.718262481689453125e+01,-7.703504943847656250e+01,-7.661504364013671875e+01,-7.668745422363281250e+01,-7.700998687744140625e+01,-7.728022766113281250e+01,-7.727793884277343750e+01,-7.876268005371093750e+01,-7.767014312744140625e+01,-7.644155120849609375e+01,-7.791708374023437500e+01
-7.964987182617187500e+01,-7.688346862792968750e+01,-7.819073486328125000e+01,-7.819073486328125000e+01,-7.819073486328125000e+01,-7.489965820312500000e+01,-7.854002380371093750e+01,-7.854002380371093750e+01,-7.854002380371093750e+01,-7.854002380371093750e+01,-7.854002380371093750e+01,-7.854002380371093750e+01,-7.854002380371093750e+01,-7.854002380371093750e+01,-7.854002380371093750e+01,-7.854002380371093750e+01,-7.854002380371093750e+01,-7.854002380371093750e+01,-7.854002380371093750e+01,-7.854002380371093750e+01,-7.854002380371093750e+01,-7.854002380371093750e+01,-7.854002380371093750e+01,-7.854002380371093750e+01,-7.854002380371093750e+01,-7.854002380371093750e+01,-7.854002380371093750e+01,-7.854002380371093750e+01,-7.854002380371093750e+01,-7.854002380371093750e+01,-7.854002380371093750e+01,-7.854002380371093750e+01,-7.854002380371093750e+01,-7.854002380371093750e+01,-7.854002380371093750e+01,-7.854002380371093750e+01,-7.854002380371093750e+01,-7.854002380371093750e+01,-7.854002380371093750e+01,-7.854002380371093750e+01,-7.854002380371093750e+01,-7.854002380371093750e+01,-7.854002380371093750e+01,-7.854002380371093750e+01,-7.854002380371093750e+01,-7.854002380371093750e+01,-7.854002380371093750e+01,-7.854002380371093750e+01,-7.854002380371093750e+01,-7.854002380371093750e+01,-7.854002380371093750e+01,-7.854002380371093750e+01,-7.686383056640625000e+01,-7.686383056640625000e+01,-7.686383056640625000e+01,-7.686383056640625000e+01,-7.686383056640625000e+01,-7.686383056640625000e+01,-7.686383056640625000e+01,-7.686383056640625000e+01,-7.686383056640625000e+01,-7.686383056640625000e+01,-7.686383056640625000e+01,-7.686383056640625000e+01,-7.686383056640625000e+01,-7.686383056640625000e+01,-7.686383056640625000e+01,-6.921633911132812500e+01,-6.600283813476562500e+01,-6.600283813476562500e+01,-6.600283813476562500e+01,-6.600283813476562500e+01,-6.600283813476562500e+01,-6.600283813476562500e+01,-6.600283813476562500e+01,-6.600283813476562500e+01,-6.600283813476562500e+01,-6.600283813476562500e+01,-5.119046783447265625e+01,-5.412649917602539062e+01,-5.207238769531250000e+01,-5.637977600097656250e+01,-5.637977600097656250e+01,-5.637977600097656250e+01,-5.637977600097656250e+01,-5.637977600097656250e+01,-5.637977600097656250e+01,-5.637977600097656250e+01,-5.637977600097656250e+01,-5.637977600097656250e+01,-5.637977600097656250e+01,-6.114099884033203125e+01,-6.114099884033203125e+01,-6.114099884033203125e+01,-5.600305175781250000e+01,-5.600305175781250000e+01,-5.600305175781250000e+01,-6.954577636718750000e+01,-6.954577636718750000e+01,-6.954577636718750000e+01,-6.954577636718750000e+01,-5.751953125000000000e+01,-7.308169555664062500e+01,-7.308169555664062500e+01,-7.308169555664062500e+01,-7.308169555664062500e+01,-7.308169555664062500e+01,-5.798741149902343750e+01,-6.817088317871093750e+01,-6.817088317871093750e+01,-6.817088317871093750e+01,-6.817088317871093750e+01,-6.817088317871093750e+01,-6.817088317871093750e+01,-6.817088317871093750e+01,-6.817088317871093750e+01,-6.817088317871093750e+01,-6.817088317871093750e+01,-6.817088317871093750e+01,-6.817088317871093750e+01,-6.817088317871093750e+01,-6.817088317871093750e+01,-6.817088317871093750e+01,-6.817088317871093750e+01,-6.817088317871093750e+01,-6.817088317871093750e+01,-6.817088317871093750e+01,-6.817088317871093750e+01,-6.817088317871093750e+01,-5.110424804687500000e+01,-5.080884933471679688e+01,-4.450135421752929688e+01,-4.238258361816406250e+01,-4.480676269531250000e+01,-4.209379577636718750e+01,-4.627025985717773438e+01,-5.159743881225585938e+01,-5.118127059936523438e+01,-5.720081329345703125e+01,-5.974667358398437500e+01,-6.069940185546875000e+01,-6.540634918212890625e+01,-6.736387634277343750e+01,-6.770559692382812500e+01,-6.929792785644531250e+01,-7.130381011962890625e+01,-7.242468261718750000e+01,-7.243188476562500000e+01,-7.335708618164062500e+01,-7.442170715332031250e+01,-7.471797180175781250e+01,-7.490500640869140625e+01,-7.535569763183593750e+01,-7.576388549804687500e+01,-7.492791748046875000e+01,-7.550048828125000000e+01,-7.487788391113281250e+01,-7.559890747070312500e+01,-7.542710113525390625e+01,-7.601896667480468750e+01,-7.560720062255859375e+01,-7.663934326171875000e+01,-7.583767700195312500e+01,-7.600316619873046875e+01,-7.607722473144531250e+01,-7.701992797851562500e+01,-7.668824768066406250e+01,-7.714462280273437500e+01,-7.734429168701171875e+01
-7.973004150390625000e+01,-7.968157958984375000e+01,-7.939836883544921875e+01,-7.939836883544921875e+01,-7.939836883544921875e+01,-7.613774108886718750e+01,-7.816584014892578125e+01,-7.816584014892578125e+01,-7.816584014892578125e+01,-7.816584014892578125e+01,-7.816584014892578125e+01,-7.816584014892578125e+01,-7.816584014892578125e+01,-7.816584014892578125e+01,-7.816584014892578125e+01,-7.816584014892578125e+01,-7.816584014892578125e+01,-7.816584014892578125e+01,-7.816584014892578125e+01,-7.816584014892578125e+01,-7.816584014892578125e+01,-7.816584014892578125e+01,-7.816584014892578125e+01,-7.816584014892578125e+01,-7.816584014892578125e+01,-7.816584014892578125e+01,-7.816584014892578125e+01,-7.816584014892578125e+01,-7.816584014892578125e+01,-7.816584014892578125e+01,-7.816584014892578125e+01,-7.816584014892578125e+01,-7.816584014892578125e+01,-7.816584014892578125e+01,-7.816584014892578125e+01,-7.816584014892578125e+01,-7.816584014892578125e+01,-7.816584014892578125e+01,-7.816584014892578125e+01,-7.816584014892578125e+01,-7.816584014892578125e+01,-7.816584014892578125e+01,-7.816584014892578125e+01,-7.816584014892578125e+01,-7.816584014892578125e+01,-7.816584014892578125e+01,-7.816584014892578125e+01,-7.816584014892578125e+01,-7.816584014892578125e+01,-7.816584014892578125e+01,-7.816584014892578125e+01,-7.816584014892578125e+01,-7.539817810058593750e+01,-7.539817810058593750e+01,-7.539817810058593750e+01,-7.539817810058593750e+01,-7.539817810058593750e+01,-7.539817810058593750e+01,-7.539817810058593750e+01,-7.539817810058593750e+01,-7.539817810058593750e+01,-7.539817810058593750e+01,-7.539817810058593750e+01,-7.539817810058593750e+01,-7.539817810058593750e+01,-7.539817810058593750e+01,-7.539817810058593750e+01,-6.567616271972656250e+01,-5.654380798339843750e+01,-5.654380798339843750e+01,-5.654380798339843750e+01,-5.654380798339843750e+01,-5.654380798339843750e+01,-5.654380798339843750e+01,-5.654380798339843750e+01,-5.654380798339843750e+01,-5.654380798339843750e+01,-5.654380798339843750e+01,-4.619222259521484375e+01,-4.506227874755859375e+01,-4.901666641235351562e+01,-4.850459289550781250e+01,-4.850459289550781250e+01,-4.850459289550781250e+01,-4.850459289550781250e+01,-4.850459289550781250e+01,-4.850459289550781250e+01,-4.850459289550781250e+01,-4.850459289550781250e+01,-4.850459289550781250e+01,-4.850459289550781250e+01,-5.823961639404296875e+01,-5.823961639404296875e+01,-5.823961639404296875e+01,-4.904329299926757812e+01,-4.904329299926757812e+01,-4.904329299926757812e+01,-6.322410202026367188e+01,-6.322410202026367188e+01,-6.322410202026367188e+01,-6.322410202026367188e+01,-5.239630126953125000e+01,-6.898295593261718750e+01,-6.898295593261718750e+01,-6.898295593261718750e+01,-6.898295593261718750e+01,-6.898295593261718750e+01,-5.739675521850585938e+01,-6.684767913818359375e+01,-6.684767913818359375e+01,-6.684767913818359375e+01,-6.684767913818359375e+01,-6.684767913818359375e+01,-6.684767913818359375e+01,-6.684767913818359375e+01,-6.684767913818359375e+01,-6.684767913818359375e+01,-6.684767913818359375e+01,-6.684767913818359375e+01,-6.684767913818359375e+01,-6.684767913818359375e+01,-6.684767913818359375e+01,-6.684767913818359375e+01,-6.684767913818359375e+01,-6.684767913818359375e+01,-6.684767913818359375e+01,-6.684767913818359375e+01,-6.684767913818359375e+01,-6.684767913818359375e+01,-5.213892364501953125e+01,-4.964289855957031250e+01,-4.107622528076171875e+01,-3.843185043334960938e+01,-4.164163208007812500e+01,-4.016411972045898438e+01,-4.539204406738281250e+01,-5.187266921997070312e+01,-5.362209320068359375e+01,-5.767369842529296875e+01,-5.948440551757812500e+01,-6.165843582153320312e+01,-6.475749206542968750e+01,-6.728797912597656250e+01,-6.809520721435546875e+01,-7.029566192626953125e+01,-7.166554260253906250e+01,-7.355656433105468750e+01,-7.294094848632812500e+01,-7.406224060058593750e+01,-7.455767822265625000e+01,-7.540126037597656250e+01,-7.493521118164062500e+01,-7.553484344482421875e+01,-7.573805999755859375e+01,-7.517239379882812500e+01,-7.535726928710937500e+01,-7.523866271972656250e+01,-7.510905456542968750e+01,-7.581784057617187500e+01,-7.608927917480468750e+01,-7.585319519042968750e+01,-7.611522674560546875e+01,-7.605854797363281250e+01,-7.656784057617187500e+01,-7.648745727539062500e+01,-7.809088134765625000e+01,-7.708546447753906250e+01,-7.531865692138671875e+01,-7.646316528320312500e+01
-7.449944305419921875e+01,-7.746765136718750000e+01,-7.972911071777343750e+01,-7.972911071777343750e+01,-7.972911071777343750e+01,-7.931439208984375000e+01,-7.671414184570312500e+01,-7.671414184570312500e+01,-7.671414184570312500e+01,-7.671414184570312500e+01,-7.671414184570312500e+01,-7.671414184570312500e+01,-7.671414184570312500e+01,-7.671414184570312500e+01,-7.671414184570312500e+01,-7.671414184570312500e+01,-7.671414184570312500e+01,-7.671414184570312500e+01,-7.671414184570312500e+01,-7.671414184570312500e+01,-7.671414184570312500e+01,-7.671414184570312500e+01,-7.671414184570312500e+01,-7.671414184570312500e+01,-7.671414184570312500e+01,-7.671414184570312500e+01,-7.671414184570312500e+01,-7.671414184570312500e+01,-7.671414184570312500e+01,-7.671414184570312500e+01,-7.671414184570312500e+01,-7.671414184570312500e+01,-7.671414184570312500e+01,-7.671414184570312500e+01,-7.671414184570312500e+01,-7.671414184570312500e+01,-7.671414184570312500e+01,-7.671414184570312500e+01,-7.671414184570312500e+01,-7.671414184570312500e+01,-7.671414184570312500e+01,-7.671414184570312500e+01,-7.671414184570312500e+01,-7.671414184570312500e+01,-7.671414184570312500e+01,-7.671414184570312500e+01,-7.671414184570312500e+01,-7.671414184570312500e+01,-7.671414184570312500e+01,-7.671414184570312500e+01,-7.671414184570312500e+01,-7.671414184570312500e+01,-7.567980957031250000e+01,-7.567980957031250000e+01,-7.567980957031250000e+01,-7.567980957031250000e+01,-7.567980957031250000e+01,-7.567980957031250000e+01,-7.567980957031250000e+01,-7.567980957031250000e+01,-7.567980957031250000e+01,-7.567980957031250000e+01,-7.567980957031250000e+01,-7.567980957031250000e+01,-7.567980957031250000e+01,-7.567980957031250000e+01,-7.567980957031250000e+01,-6.754968261718750000e+01,-6.468936920166015625e+01,-6.468936920166015625e+01,-6.468936920166015625e+01,-6.468936920166015625e+01,-6.468936920166015625e+01,-6.468936920166015625e+01,-6.468936920166015625e+01,-6.468936920166015625e+01,-6.468936920166015625e+01,-6.468936920166015625e+01,-5.168544006347656250e+01,-5.220014190673828125e+01,-4.798376083374023438e+01,-5.160396194458007812e+01,-5.160396194458007812e+01,-5.160396194458007812e+01,-5.160396194458007812e+01,-5.160396194458007812e+01,-5.160396194458007812e+01,-5.160396194458007812e+01,-5.160396194458007812e+01,-5.160396194458007812e+01,-5.160396194458007812e+01,-5.927939224243164062e+01,-5.927939224243164062e+01,-5.927939224243164062e+01,-5.380222320556640625e+01,-5.380222320556640625e+01,-5.380222320556640625e+01,-6.680740356445312500e+01,-6.680740356445312500e+01,-6.680740356445312500e+01,-6.680740356445312500e+01,-5.502519989013671875e+01,-7.108967590332031250e+01,-7.108967590332031250e+01,-7.108967590332031250e+01,-7.108967590332031250e+01,-7.108967590332031250e+01,-5.486019134521484375e+01,-6.643809509277343750e+01,-6.643809509277343750e+01,-6.643809509277343750e+01,-6.643809509277343750e+01,-6.643809509277343750e+01,-6.643809509277343750e+01,-6.643809509277343750e+01,-6.643809509277343750e+01,-6.643809509277343750e+01,-6.643809509277343750e+01,-6.643809509277343750e+01,-6.643809509277343750e+01,-6.643809509277343750e+01,-6.643809509277343750e+01,-6.643809509277343750e+01,-6.643809509277343750e+01,-6.643809509277343750e+01,-6.643809509277343750e+01,-6.643809509277343750e+01,-6.643809509277343750e+01,-6.643809509277343750e+01,-4.671817016601562500e+01,-4.642666625976562500e+01,-3.804792404174804688e+01,-3.787238311767578125e+01,-3.971308898925781250e+01,-4.074266815185546875e+01,-4.654057693481445312e+01,-5.148040771484375000e+01,-5.279756164550781250e+01,-5.551100158691406250e+01,-5.767016601562500000e+01,-5.993189239501953125e+01,-6.301141357421875000e+01,-6.503122711181640625e+01,-6.607939910888671875e+01,-6.819236755371093750e+01,-7.008833312988281250e+01,-7.139059448242187500e+01,-7.120800781250000000e+01,-7.265338134765625000e+01,-7.387962341308593750e+01,-7.438455200195312500e+01,-7.462582397460937500e+01,-7.519292449951171875e+01,-7.567250061035156250e+01,-7.584274291992187500e+01,-7.646356964111328125e+01,-7.592974090576171875e+01,-7.674314880371093750e+01,-7.684645080566406250e+01,-7.731776428222656250e+01,-7.673774719238281250e+01,-7.773439025878906250e+01,-7.700946044921875000e+01,-7.709342956542968750e+01,-7.603777313232421875e+01,-7.802459716796875000e+01,-7.657432556152343750e+01,-7.813262939453125000e+01,-7.877798461914062500e+01
-7.996786499023437500e+01,-7.595049285888671875e+01,-7.978967285156250000e+01,-7.978967285156250000e+01,-7.978967285156250000e+01,-7.891169738769531250e+01,-7.658778381347656250e+01,-7.658778381347656250e+01,-7.658778381347656250e+01,-7.658778381347656250e+01,-7.658778381347656250e+01,-7.658778381347656250e+01,-7.658778381347656250e+01,-7.658778381347656250e+01,-7.658778381347656250e+01,-7.658778381347656250e+01,-7.658778381347656250e+01,-7.658778381347656250e+01,-7.658778381347656250e+01,-7.658778381347656250e+01,-7.658778381347656250e+01,-7.658778381347656250e+01,-7.658778381347656250e+01,-7.658778381347656250e+01,-7.658778381347656250e+01,-7.658778381347656250e+01,-7.658778381347656250e+01,-7.658778381347656250e+01,-7.658778381347656250e+01,-7.658778381347656250e+01,-7.658778381347656250e+01,-7.658778381347656250e+01,-7.658778381347656250e+01,-7.658778381347656250e+01,-7.658778381347656250e+01,-7.658778381347656250e+01,-7.658778381347656250e+01,-7.658778381347656250e+01,-7.658778381347656250e+01,-7.658778381347656250e+01,-7.658778381347656250e+01,-7.658778381347656250e+01,-7.658778381347656250e+01,-7.658778381347656250e+01,-7.658778381347656250e+01,-7.658778381347656250e+01,-7.658778381347656250e+01,-7.658778381347656250e+01,-7.658778381347656250e+01,-7.658778381347656250e+01,-7.658778381347656250e+01,-7.658778381347656250e+01,-7.457373046875000000e+01,-7.457373046875000000e+01,-7.457373046875000000e+01,-7.457373046875000000e+01,-7.457373046875000000e+01,-7.457373046875000000e+01,-7.457373046875000000e+01,-7.457373046875000000e+01,-7.457373046875000000e+01,-7.457373046875000000e+01,-7.457373046875000000e+01,-7.457373046875000000e+01,-7.457373046875000000e+01,-7.457373046875000000e+01,-7.457373046875000000e+01,-6.330891036987304688e+01,-6.015978240966796875e+01,-6.015978240966796875e+01,-6.015978240966796875e+01,-6.015978240966796875e+01,-6.015978240966796875e+01,-6.015978240966796875e+01,-6.015978240966796875e+01,-6.015978240966796875e+01,-6.015978240966796875e+01,-6.015978240966796875e+01,-4.321173858642578125e+01,-4.613032150268554688e+01,-4.129564666748046875e+01,-4.443778228759765625e+01,-4.443778228759765625e+01,-4.443778228759765625e+01,-4.443778228759765625e+01,-4.443778228759765625e+01,-4.443778228759765625e+01,-4.443778228759765625e+01,-4.443778228759765625e+01,-4.443778228759765625e+01,-4.443778228759765625e+01,-5.184407424926757812e+01,-5.184407424926757812e+01,-5.184407424926757812e+01,-4.893404006958007812e+01,-4.893404006958007812e+01,-4.893404006958007812e+01,-6.065316390991210938e+01,-6.065316390991210938e+01,-6.065316390991210938e+01,-6.065316390991210938e+01,-4.777734375000000000e+01,-6.556562805175781250e+01,-6.556562805175781250e+01,-6.556562805175781250e+01,-6.556562805175781250e+01,-6.556562805175781250e+01,-4.791278839111328125e+01,-6.293956756591796875e+01,-6.293956756591796875e+01,-6.293956756591796875e+01,-6.293956756591796875e+01,-6.293956756591796875e+01,-6.293956756591796875e+01,-6.293956756591796875e+01,-6.293956756591796875e+01,-6.293956756591796875e+01,-6.293956756591796875e+01,-6.293956756591796875e+01,-6.293956756591796875e+01,-6.293956756591796875e+01,-6.293956756591796875e+01,-6.293956756591796875e+01,-6.293956756591796875e+01,-6.293956756591796875e+01,-6.293956756591796875e+01,-6.293956756591796875e+01,-6.293956756591796875e+01,-6.293956756591796875e+01,-4.165808486938476562e+01,-4.378079605102539062e+01,-3.516999816894531250e+01,-3.453870773315429688e+01,-3.907030105590820312e+01,-3.796620941162109375e+01,-4.316443634033203125e+01,-4.973049926757812500e+01,-5.157130050659179688e+01,-5.559891128540039062e+01,-5.642350006103515625e+01,-5.985051345825195312e+01,-6.232522964477539062e+01,-6.534783172607421875e+01,-6.445946502685546875e+01,-6.788081359863281250e+01,-6.912391662597656250e+01,-7.108708190917968750e+01,-6.983303833007812500e+01,-7.209379577636718750e+01,-7.254386901855468750e+01,-7.313352966308593750e+01,-7.280388641357421875e+01,-7.375337219238281250e+01,-7.423970794677734375e+01,-7.425633239746093750e+01,-7.501843261718750000e+01,-7.454902648925781250e+01,-7.507698059082031250e+01,-7.548905944824218750e+01,-7.620880126953125000e+01,-7.584024047851562500e+01,-7.645472717285156250e+01,-7.623743438720703125e+01,-7.675022888183593750e+01,-7.678112030029296875e+01,-7.815356445312500000e+01,-7.737798309326171875e+01,-7.708045196533203125e+01,-7.759475708007812500e+01
-7.636251831054687500e+01,-7.838827514648437500e+01,-7.993391418457031250e+01,-7.993391418457031250e+01,-7.993391418457031250e+01,-7.984963989257812500e+01,-7.926269531250000000e+01,-7.926269531250000000e+01,-7.926269531250000000e+01,-7.926269531250000000e+01,-7.926269531250000000e+01,-7.926269531250000000e+01,-7.926269531250000000e+01,-7.926269531250000000e+01,-7.926269531250000000e+01,-7.926269531250000000e+01,-7.926269531250000000e+01,-7.926269531250000000e+01,-7.926269531250000000e+01,-7.926269531250000000e+01,-7.926269531250000000e+01,-7.926269531250000000e+01,-7.926269531250000000e+01,-7.926269531250000000e+01,-7.926269531250000000e+01,-7.926269531250000000e+01,-7.926269531250000000e+01,-7.926269531250000000e+01,-7.926269531250000000e+01,-7.926269531250000000e+01,-7.926269531250000000e+01,-7.926269531250000000e+01,-7.926269531250000000e+01,-7.926269531250000000e+01,-7.926269531250000000e+01,-7.926269531250000000e+01,-7.926269531250000000e+01,-7.926269531250000000e+01,-7.926269531250000000e+01,-7.926269531250000000e+01,-7.926269531250000000e+01,-7.926269531250000000e+01,-7.926269531250000000e+01,-7.926269531250000000e+01,-7.926269531250000000e+01,-7.926269531250000000e+01,-7.926269531250000000e+01,-7.926269531250000000e+01,-7.926269531250000000e+01,-7.926269531250000000e+01,-7.926269531250000000e+01,-7.926269531250000000e+01,-7.155235290527343750e+01,-7.155235290527343750e+01,-7.155235290527343750e+01,-7.155235290527343750e+01,-7.155235290527343750e+01,-7.155235290527343750e+01,-7.155235290527343750e+01,-7.155235290527343750e+01,-7.155235290527343750e+01,-7.155235290527343750e+01,-7.155235290527343750e+01,-7.155235290527343750e+01,-7.155235290527343750e+01,-7.155235290527343750e+01,-7.155235290527343750e+01,-5.604894256591796875e+01,-5.038786315917968750e+01,-5.038786315917968750e+01,-5.038786315917968750e+01,-5.038786315917968750e+01,-5.038786315917968750e+01,-5.038786315917968750e+01,-5.038786315917968750e+01,-5.038786315917968750e+01,-5.038786315917968750e+01,-5.038786315917968750e+01,-3.637899017333984375e+01,-4.153488540649414062e+01,-3.835218048095703125e+01,-4.575231933593750000e+01,-4.575231933593750000e+01,-4.575231933593750000e+01,-4.575231933593750000e+01,-4.575231933593750000e+01,-4.575231933593750000e+01,-4.575231933593750000e+01,-4.575231933593750000e+01,-4.575231933593750000e+01,-4.575231933593750000e+01,-4.605155181884765625e+01,-4.605155181884765625e+01,-4.605155181884765625e+01,-4.586874389648437500e+01,-4.586874389648437500e+01,-4.586874389648437500e+01,-6.160685729980468750e+01,-6.160685729980468750e+01,-6.160685729980468750e+01,-6.160685729980468750e+01,-4.501354598999023438e+01,-6.855369567871093750e+01,-6.855369567871093750e+01,-6.855369567871093750e+01,-6.855369567871093750e+01,-6.855369567871093750e+01,-4.695045089721679688e+01,-6.831082916259765625e+01,-6.831082916259765625e+01,-6.831082916259765625e+01,-6.831082916259765625e+01,-6.831082916259765625e+01,-6.831082916259765625e+01,-6.831082916259765625e+01,-6.831082916259765625e+01,-6.831082916259765625e+01,-6.831082916259765625e+01,-6.831082916259765625e+01,-6.831082916259765625e+01,-6.831082916259765625e+01,-6.831082916259765625e+01,-6.831082916259765625e+01,-6.831082916259765625e+01,-6.831082916259765625e+01,-6.831082916259765625e+01,-6.831082916259765625e+01,-6.831082916259765625e+01,-6.831082916259765625e+01,-3.992619323730468750e+01,-4.786411666870117188e+01,-3.240254592895507812e+01,-3.369170379638671875e+01,-3.800841903686523438e+01,-3.848981475830078125e+01,-4.586968231201171875e+01,-5.605900573730468750e+01,-5.793373870849609375e+01,-5.979689025878906250e+01,-6.134639739990234375e+01,-6.290748977661132812e+01,-6.546553039550781250e+01,-6.634866333007812500e+01,-6.710285186767578125e+01,-6.939665222167968750e+01,-7.128367614746093750e+01,-7.223391723632812500e+01,-7.177009582519531250e+01,-7.369521331787109375e+01,-7.427180480957031250e+01,-7.482809448242187500e+01,-7.475390625000000000e+01,-7.588789367675781250e+01,-7.594150543212890625e+01,-7.689831542968750000e+01,-7.718570709228515625e+01,-7.695995330810546875e+01,-7.736984252929687500e+01,-7.749667358398437500e+01,-7.788594818115234375e+01,-7.781125640869140625e+01,-7.833967590332031250e+01,-7.799555969238281250e+01,-7.778499603271484375e+01,-7.825622558593750000e+01,-7.795233917236328125e+01,-7.809469604492187500e+01,-7.848182678222656250e+01,-7.872525024414062500e+01
-7.781793212890625000e+01,-7.985134887695312500e+01,-7.992045593261718750e+01,-7.992045593261718750e+01,-7.992045593261718750e+01,-7.455230712890625000e+01,-7.888905334472656250e+01,-7.888905334472656250e+01,-7.888905334472656250e+01,-7.888905334472656250e+01,-7.888905334472656250e+01,-7.888905334472656250e+01,-7.888905334472656250e+01,-7.888905334472656250e+01,-7.888905334472656250e+01,-7.888905334472656250e+01,-7.888905334472656250e+01,-7.888905334472656250e+01,-7.888905334472656250e+01,-7.888905334472656250e+01,-7.888905334472656250e+01,-7.888905334472656250e+01,-7.888905334472656250e+01,-7.888905334472656250e+01,-7.888905334472656250e+01,-7.888905334472656250e+01,-7.888905334472656250e+01,-7.888905334472656250e+01,-7.888905334472656250e+01,-7.888905334472656250e+01,-7.888905334472656250e+01,-7.888905334472656250e+01,-7.888905334472656250e+01,-7.888905334472656250e+01,-7.888905334472656250e+01,-7.888905334472656250e+01,-7.888905334472656250e+01,-7.888905334472656250e+01,-7.888905334472656250e+01,-7.888905334472656250e+01,-7.888905334472656250e+01,-7.888905334472656250e+01,-7.888905334472656250e+01,-7.888905334472656250e+01,-7.888905334472656250e+01,-7.888905334472656250e+01,-7.888905334472656250e+01,-7.888905334472656250e+01,-7.888905334472656250e+01,-7.888905334472656250e+01,-7.888905334472656250e+01,-7.888905334472656250e+01,-7.201006317138671875e+01,-7.201006317138671875e+01,-7.201006317138671875e+01,-7.201006317138671875e+01,-7.201006317138671875e+01,-7.201006317138671875e+01,-7.201006317138671875e+01,-7.201006317138671875e+01,-7.201006317138671875e+01,-7.201006317138671875e+01,-7.201006317138671875e+01,-7.201006317138671875e+01,-7.201006317138671875e+01,-7.201006317138671875e+01,-7.201006317138671875e+01,-5.753724670410156250e+01,-5.866999053955078125e+01,-5.866999053955078125e+01,-5.866999053955078125e+01,-5.866999053955078125e+01,-5.866999053955078125e+01,-5.866999053955078125e+01,-5.866999053955078125e+01,-5.866999053955078125e+01,-5.866999053955078125e+01,-5.866999053955078125e+01,-4.015069961547851562e+01,-4.762768554687500000e+01,-4.546285247802734375e+01,-4.719215774536132812e+01,-4.719215774536132812e+01,-4.719215774536132812e+01,-4.719215774536132812e+01,-4.719215774536132812e+01,-4.719215774536132812e+01,-4.719215774536132812e+01,-4.719215774536132812e+01,-4.719215774536132812e+01,-4.719215774536132812e+01,-5.468528747558593750e+01,-5.468528747558593750e+01,-5.468528747558593750e+01,-4.590255737304687500e+01,-4.590255737304687500e+01,-4.590255737304687500e+01,-6.147850036621093750e+01,-6.147850036621093750e+01,-6.147850036621093750e+01,-6.147850036621093750e+01,-4.500338745117187500e+01,-6.863404083251953125e+01,-6.863404083251953125e+01,-6.863404083251953125e+01,-6.863404083251953125e+01,-6.863404083251953125e+01,-5.200878143310546875e+01,-6.827761840820312500e+01,-6.827761840820312500e+01,-6.827761840820312500e+01,-6.827761840820312500e+01,-6.827761840820312500e+01,-6.827761840820312500e+01,-6.827761840820312500e+01,-6.827761840820312500e+01,-6.827761840820312500e+01,-6.827761840820312500e+01,-6.827761840820312500e+01,-6.827761840820312500e+01,-6.827761840820312500e+01,-6.827761840820312500e+01,-6.827761840820312500e+01,-6.827761840820312500e+01,-6.827761840820312500e+01,-6.827761840820312500e+01,-6.827761840820312500e+01,-6.827761840820312500e+01,-6.827761840820312500e+01,-4.601743316650390625e+01,-4.584527587890625000e+01,-3.194621849060058594e+01,-3.286806488037109375e+01,-3.612210845947265625e+01,-3.618696594238281250e+01,-4.277242279052734375e+01,-5.506665802001953125e+01,-5.795355987548828125e+01,-6.164285278320312500e+01,-6.294796371459960938e+01,-6.630050659179687500e+01,-6.879360198974609375e+01,-7.088825225830078125e+01,-7.252870178222656250e+01,-7.398551940917968750e+01,-7.543325805664062500e+01,-7.646128845214843750e+01,-7.663822937011718750e+01,-7.737963867187500000e+01,-7.778771972656250000e+01,-7.826910400390625000e+01,-7.824905395507812500e+01,-7.848358154296875000e+01,-7.866314697265625000e+01,-7.885379028320312500e+01,-7.906235504150390625e+01,-7.898635864257812500e+01,-7.911906433105468750e+01,-7.922662353515625000e+01,-7.940924835205078125e+01,-7.938551330566406250e+01,-7.946319580078125000e+01,-7.947720336914062500e+01,-7.956097412109375000e+01,-7.958541870117187500e+01,-7.981988525390625000e+01,-7.981451416015625000e+01,-7.976637268066406250e+01,-7.988919067382812500e+01
-7.999165344238281250e+01,-7.964230346679687500e+01,-7.966651916503906250e+01,-7.966651916503906250e+01,-7.966651916503906250e+01,-7.950880432128906250e+01,-7.821307373046875000e+01,-7.821307373046875000e+01,-7.821307373046875000e+01,-7.821307373046875000e+01,-7.821307373046875000e+01,-7.821307373046875000e+01,-7.821307373046875000e+01,-7.821307373046875000e+01,-7.821307373046875000e+01,-7.821307373046875000e+01,-7.821307373046875000e+01,-7.821307373046875000e+01,-7.821307373046875000e+01,-7.821307373046875000e+01,-7.821307373046875000e+01,-7.821307373046875000e+01,-7.821307373046875000e+01,-7.821307373046875000e+01,-7.821307373046875000e+01,-7.821307373046875000e+01,-7.821307373046875000e+01,-7.821307373046875000e+01,-7.821307373046875000e+01,-7.821307373046875000e+01,-7.821307373046875000e+01,-7.821307373046875000e+01,-7.821307373046875000e+01,-7.821307373046875000e+01,-7.821307373046875000e+01,-7.821307373046875000e+01,-7.821307373046875000e+01,-7.821307373046875000e+01,-7.821307373046875000e+01,-7.821307373046875000e+01,-7.821307373046875000e+01,-7.821307373046875000e+01,-7.821307373046875000e+01,-7.821307373046875000e+01,-7.821307373046875000e+01,-7.821307373046875000e+01,-7.821307373046875000e+01,-7.821307373046875000e+01,-7.821307373046875000e+01,-7.821307373046875000e+01,-7.821307373046875000e+01,-7.821307373046875000e+01,-7.166213989257812500e+01,-7.166213989257812500e+01,-7.166213989257812500e+01,-7.166213989257812500e+01,-7.166213989257812500e+01,-7.166213989257812500e+01,-7.166213989257812500e+01,-7.166213989257812500e+01,-7.166213989257812500e+01,-7.166213989257812500e+01,-7.166213989257812500e+01,-7.166213989257812500e+01,-7.166213989257812500e+01,-7.166213989257812500e+01,-7.166213989257812500e+01,-5.735015869140625000e+01,-5.795861816406250000e+01,-5.795861816406250000e+01,-5.795861816406250000e+01,-5.795861816406250000e+01,-5.795861816406250000e+01,-5.795861816406250000e+01,-5.795861816406250000e+01,-5.795861816406250000e+01,-5.795861816406250000e+01,-5.795861816406250000e+01,-3.648072052001953125e+01,-4.275854873657226562e+01,-4.331567001342773438e+01,-4.161328125000000000e+01,-4.161328125000000000e+01,-4.161328125000000000e+01,-4.161328125000000000e+01,-4.161328125000000000e+01,-4.161328125000000000e+01,-4.161328125000000000e+01,-4.161328125000000000e+01,-4.161328125000000000e+01,-4.161328125000000000e+01,-5.058879089355468750e+01,-5.058879089355468750e+01,-5.058879089355468750e+01,-4.435614013671875000e+01,-4.435614013671875000e+01,-4.435614013671875000e+01,-6.054227066040039062e+01,-6.054227066040039062e+01,-6.054227066040039062e+01,-6.054227066040039062e+01,-4.652511215209960938e+01,-6.576092529296875000e+01,-6.576092529296875000e+01,-6.576092529296875000e+01,-6.576092529296875000e+01,-6.576092529296875000e+01,-5.354104995727539062e+01,-6.735182189941406250e+01,-6.735182189941406250e+01,-6.735182189941406250e+01,-6.735182189941406250e+01,-6.735182189941406250e+01,-6.735182189941406250e+01,-6.735182189941406250e+01,-6.735182189941406250e+01,-6.735182189941406250e+01,-6.735182189941406250e+01,-6.735182189941406250e+01,-6.735182189941406250e+01,-6.735182189941406250e+01,-6.735182189941406250e+01,-6.735182189941406250e+01,-6.735182189941406250e+01,-6.735182189941406250e+01,-6.735182189941406250e+01,-6.735182189941406250e+01,-6.735182189941406250e+01,-6.735182189941406250e+01,-4.675525283813476562e+01,-4.793542480468750000e+01,-3.954454040527343750e+01,-3.862846755981445312e+01,-4.244074630737304688e+01,-4.206528091430664062e+01,-4.680376815795898438e+01,-5.456538391113281250e+01,-5.670065307617187500e+01,-6.072826385498046875e+01,-6.068878173828125000e+01,-6.408291625976562500e+01,-6.601176452636718750e+01,-6.849076843261718750e+01,-6.889839172363281250e+01,-7.073573303222656250e+01,-7.256088256835937500e+01,-7.360196685791015625e+01,-7.306475830078125000e+01,-7.378343200683593750e+01,-7.473085784912109375e+01,-7.489520263671875000e+01,-7.506192779541015625e+01,-7.496378326416015625e+01,-7.585101318359375000e+01,-7.694602966308593750e+01,-7.696161651611328125e+01,-7.712671661376953125e+01,-7.689048004150390625e+01,-7.723461914062500000e+01,-7.739704895019531250e+01,-7.760836791992187500e+01,-7.748257446289062500e+01,-7.755570983886718750e+01,-7.746860504150390625e+01,-7.774316406250000000e+01,-7.766419982910156250e+01,-7.820746612548828125e+01,-7.703096008300781250e+01,-7.844692993164062500e+01
-7.964783477783203125e+01,-7.995871734619140625e+01,-7.987100219726562500e+01,-7.987100219726562500e+01,-7.987100219726562500e+01,-7.968189239501953125e+01,-7.810961914062500000e+01,-7.810961914062500000e+01,-7.810961914062500000e+01,-7.810961914062500000e+01,-7.810961914062500000e+01,-7.810961914062500000e+01,-7.810961914062500000e+01,-7.810961914062500000e+01,-7.810961914062500000e+01,-7.810961914062500000e+01,-7.810961914062500000e+01,-7.810961914062500000e+01,-7.810961914062500000e+01,-7.810961914062500000e+01,-7.810961914062500000e+01,-7.810961914062500000e+01,-7.810961914062500000e+01,-7.810961914062500000e+01,-7.810961914062500000e+01,-7.810961914062500000e+01,-7.810961914062500000e+01,-7.810961914062500000e+01,-7.810961914062500000e+01,-7.810961914062500000e+01,-7.810961914062500000e+01,-7.810961914062500000e+01,-7.810961914062500000e+01,-7.810961914062500000e+01,-7.810961914062500000e+01,-7.810961914062500000e+01,-7.810961914062500000e+01,-7.810961914062500000e+01,-7.810961914062500000e+01,-7.810961914062500000e+01,-7.810961914062500000e+01,-7.810961914062500000e+01,-7.810961914062500000e+01,-7.810961914062500000e+01,-7.810961914062500000e+01,-7.810961914062500000e+01,-7.810961914062500000e+01,-7.810961914062500000e+01,-7.810961914062500000e+01,-7.810961914062500000e+01,-7.810961914062500000e+01,-7.810961914062500000e+01,-7.727456665039062500e+01,-7.727456665039062500e+01,-7.727456665039062500e+01,-7.727456665039062500e+01,-7.727456665039062500e+01,-7.727456665039062500e+01,-7.727456665039062500e+01,-7.727456665039062500e+01,-7.727456665039062500e+01,-7.727456665039062500e+01,-7.727456665039062500e+01,-7.727456665039062500e+01,-7.727456665039062500e+01,-7.727456665039062500e+01,-7.727456665039062500e+01,-6.936906433105468750e+01,-6.931343078613281250e+01,-6.931343078613281250e+01,-6.931343078613281250e+01,-6.931343078613281250e+01,-6.931343078613281250e+01,-6.931343078613281250e+01,-6.931343078613281250e+01,-6.931343078613281250e+01,-6.931343078613281250e+01,-6.931343078613281250e+01,-5.100398254394531250e+01,-5.044721221923828125e+01,-4.993102645874023438e+01,-4.968954467773437500e+01,-4.968954467773437500e+01,-4.968954467773437500e+01,-4.968954467773437500e+01,-4.968954467773437500e+01,-4.968954467773437500e+01,-4.968954467773437500e+01,-4.968954467773437500e+01,-4.968954467773437500e+01,-4.968954467773437500e+01,-5.059764099121093750e+01,-5.059764099121093750e+01,-5.059764099121093750e+01,-5.038782882690429688e+01,-5.038782882690429688e+01,-5.038782882690429688e+01,-5.962696075439453125e+01,-5.962696075439453125e+01,-5.962696075439453125e+01,-5.962696075439453125e+01,-5.304833221435546875e+01,-6.807784271240234375e+01,-6.807784271240234375e+01,-6.807784271240234375e+01,-6.807784271240234375e+01,-6.807784271240234375e+01,-5.631288909912109375e+01,-6.718396759033203125e+01,-6.718396759033203125e+01,-6.718396759033203125e+01,-6.718396759033203125e+01,-6.718396759033203125e+01,-6.718396759033203125e+01,-6.718396759033203125e+01,-6.718396759033203125e+01,-6.718396759033203125e+01,-6.718396759033203125e+01,-6.718396759033203125e+01,-6.718396759033203125e+01,-6.718396759033203125e+01,-6.718396759033203125e+01,-6.718396759033203125e+01,-6.718396759033203125e+01,-6.718396759033203125e+01,-6.718396759033203125e+01,-6.718396759033203125e+01,-6.718396759033203125e+01,-6.718396759033203125e+01,-4.871010208129882812e+01,-4.825094604492187500e+01,-4.024597549438476562e+01,-4.170197296142578125e+01,-4.734026336669921875e+01,-4.460677337646484375e+01,-5.179145812988281250e+01,-5.664381790161132812e+01,-6.095828628540039062e+01,-6.524551391601562500e+01,-6.524448394775390625e+01,-6.895005798339843750e+01,-7.120684814453125000e+01,-7.293193054199218750e+01,-7.367927551269531250e+01,-7.447406005859375000e+01,-7.566122436523437500e+01,-7.599261474609375000e+01,-7.629406738281250000e+01,-7.638604736328125000e+01,-7.711151123046875000e+01,-7.700728607177734375e+01,-7.726974487304687500e+01,-7.706968688964843750e+01,-7.761725616455078125e+01,-7.861257171630859375e+01,-7.868505859375000000e+01,-7.886584472656250000e+01,-7.864533233642578125e+01,-7.875769042968750000e+01,-7.887803649902343750e+01,-7.903405761718750000e+01,-7.886366271972656250e+01,-7.877874755859375000e+01,-7.888839721679687500e+01,-7.928236389160156250e+01,-7.924227142333984375e+01,-7.958787536621093750e+01,-7.891089630126953125e+01,-7.907679748535156250e+01
-7.948590087890625000e+01,-7.997956085205078125e+01,-7.996250152587890625e+01,-7.996250152587890625e+01,-7.996250152587890625e+01,-7.928304290771484375e+01,-7.988719940185546875e+01,-7.988719940185546875e+01,-7.988719940185546875e+01,-7.988719940185546875e+01,-7.988719940185546875e+01,-7.988719940185546875e+01,-7.988719940185546875e+01,-7.988719940185546875e+01,-7.988719940185546875e+01,-7.988719940185546875e+01,-7.988719940185546875e+01,-7.988719940185546875e+01,-7.988719940185546875e+01,-7.988719940185546875e+01,-7.988719940185546875e+01,-7.988719940185546875e+01,-7.988719940185546875e+01,-7.988719940185546875e+01,-7.988719940185546875e+01,-7.988719940185546875e+01,-7.988719940185546875e+01,-7.988719940185546875e+01,-7.988719940185546875e+01,-7.988719940185546875e+01,-7.988719940185546875e+01,-7.988719940185546875e+01,-7.988719940185546875e+01,-7.988719940185546875e+01,-7.988719940185546875e+01,-7.988719940185546875e+01,-7.988719940185546875e+01,-7.988719940185546875e+01,-7.988719940185546875e+01,-7.988719940185546875e+01,-7.988719940185546875e+01,-7.988719940185546875e+01,-7.988719940185546875e+01,-7.988719940185546875e+01,-7.988719940185546875e+01,-7.988719940185546875e+01,-7.988719940185546875e+01,-7.988719940185546875e+01,-7.988719940185546875e+01,-7.988719940185546875e+01,-7.988719940185546875e+01,-7.988719940185546875e+01,-7.589775085449218750e+01,-7.589775085449218750e+01,-7.589775085449218750e+01,-7.589775085449218750e+01,-7.589775085449218750e+01,-7.589775085449218750e+01,-7.589775085449218750e+01,-7.589775085449218750e+01,-7.589775085449218750e+01,-7.589775085449218750e+01,-7.589775085449218750e+01,-7.589775085449218750e+01,-7.589775085449218750e+01,-7.589775085449218750e+01,-7.589775085449218750e+01,-6.657907104492187500e+01,-6.727802276611328125e+01,-6.727802276611328125e+01,-6.727802276611328125e+01,-6.727802276611328125e+01,-6.727802276611328125e+01,-6.727802276611328125e+01,-6.727802276611328125e+01,-6.727802276611328125e+01,-6.727802276611328125e+01,-6.727802276611328125e+01,-5.122505950927734375e+01,-5.569914245605468750e+01,-5.750757217407226562e+01,-4.989954376220703125e+01,-4.989954376220703125e+01,-4.989954376220703125e+01,-4.989954376220703125e+01,-4.989954376220703125e+01,-4.989954376220703125e+01,-4.989954376220703125e+01,-4.989954376220703125e+01,-4.989954376220703125e+01,-4.989954376220703125e+01,-5.426268386840820312e+01,-5.426268386840820312e+01,-5.426268386840820312e+01,-4.666704559326171875e+01,-4.666704559326171875e+01,-4.666704559326171875e+01,-5.886070251464843750e+01,-5.886070251464843750e+01,-5.886070251464843750e+01,-5.886070251464843750e+01,-5.376893615722656250e+01,-6.977389526367187500e+01,-6.977389526367187500e+01,-6.977389526367187500e+01,-6.977389526367187500e+01,-6.977389526367187500e+01,-6.025778961181640625e+01,-7.070293426513671875e+01,-7.070293426513671875e+01,-7.070293426513671875e+01,-7.070293426513671875e+01,-7.070293426513671875e+01,-7.070293426513671875e+01,-7.070293426513671875e+01,-7.070293426513671875e+01,-7.070293426513671875e+01,-7.070293426513671875e+01,-7.070293426513671875e+01,-7.070293426513671875e+01,-7.070293426513671875e+01,-7.070293426513671875e+01,-7.070293426513671875e+01,-7.070293426513671875e+01,-7.070293426513671875e+01,-7.070293426513671875e+01,-7.070293426513671875e+01,-7.070293426513671875e+01,-7.070293426513671875e+01,-5.269987487792968750e+01,-5.028260421752929688e+01,-4.085702133178710938e+01,-3.928528976440429688e+01,-4.528556060791015625e+01,-4.354468536376953125e+01,-5.066978454589843750e+01,-6.008665466308593750e+01,-6.325934982299804688e+01,-6.852213287353515625e+01,-6.986782073974609375e+01,-7.231752014160156250e+01,-7.434300231933593750e+01,-7.547319030761718750e+01,-7.610685729980468750e+01,-7.679277038574218750e+01,-7.767692565917968750e+01,-7.804220581054687500e+01,-7.792546081542968750e+01,-7.820532226562500000e+01,-7.845334625244140625e+01,-7.855358886718750000e+01,-7.819010162353515625e+01,-7.841368103027343750e+01,-7.847341918945312500e+01,-7.896371459960937500e+01,-7.916342163085937500e+01,-7.912478637695312500e+01,-7.912535095214843750e+01,-7.911454772949218750e+01,-7.936834716796875000e+01,-7.932050323486328125e+01,-7.937806701660156250e+01,-7.930599975585937500e+01,-7.940270996093750000e+01,-7.941763305664062500e+01,-7.964607238769531250e+01,-7.960083007812500000e+01,-7.929463958740234375e+01,-7.962313079833984375e+01
-7.998009490966796875e+01,-7.999559783935546875e+01,-7.999485778808593750e+01,-7.999485778808593750e+01,-7.999485778808593750e+01,-7.998815155029296875e+01,-7.989273071289062500e+01,-7.989273071289062500e+01,-7.989273071289062500e+01,-7.989273071289062500e+01,-7.989273071289062500e+01,-7.989273071289062500e+01,-7.989273071289062500e+01,-7.989273071289062500e+01,-7.989273071289062500e+01,-7.989273071289062500e+01,-7.989273071289062500e+01,-7.989273071289062500e+01,-7.989273071289062500e+01,-7.989273071289062500e+01,-7.989273071289062500e+01,-7.989273071289062500e+01,-7.989273071289062500e+01,-7.989273071289062500e+01,-7.989273071289062500e+01,-7.989273071289062500e+01,-7.989273071289062500e+01,-7.989273071289062500e+01,-7.989273071289062500e+01,-7.989273071289062500e+01,-7.989273071289062500e+01,-7.989273071289062500e+01,-7.989273071289062500e+01,-7.989273071289062500e+01,-7.989273071289062500e+01,-7.989273071289062500e+01,-7.989273071289062500e+01,-7.989273071289062500e+01,-7.989273071289062500e+01,-7.989273071289062500e+01,-7.989273071289062500e+01,-7.989273071289062500e+01,-7.989273071289062500e+01,-7.989273071289062500e+01,-7.989273071289062500e+01,-7.989273071289062500e+01,-7.989273071289062500e+01,-7.989273071289062500e+01,-7.989273071289062500e+01,-7.989273071289062500e+01,-7.989273071289062500e+01,-7.989273071289062500e+01,-7.831480407714843750e+01,-7.831480407714843750e+01,-7.831480407714843750e+01,-7.831480407714843750e+01,-7.831480407714843750e+01,-7.831480407714843750e+01,-7.831480407714843750e+01,-7.831480407714843750e+01,-7.831480407714843750e+01,-7.831480407714843750e+01,-7.831480407714843750e+01,-7.831480407714843750e+01,-7.831480407714843750e+01,-7.831480407714843750e+01,-7.831480407714843750e+01,-7.078644561767578125e+01,-7.170854949951171875e+01,-7.170854949951171875e+01,-7.170854949951171875e+01,-7.170854949951171875e+01,-7.170854949951171875e+01,-7.170854949951171875e+01,-7.170854949951171875e+01,-7.170854949951171875e+01,-7.170854949951171875e+01,-7.170854949951171875e+01,-5.409238052368164062e+01,-5.985990905761718750e+01,-6.028762054443359375e+01,-5.577122497558593750e+01,-5.577122497558593750e+01,-5.577122497558593750e+01,-5.577122497558593750e+01,-5.577122497558593750e+01,-5.577122497558593750e+01,-5.577122497558593750e+01,-5.577122497558593750e+01,-5.577122497558593750e+01,-5.577122497558593750e+01,-5.851351928710937500e+01,-5.851351928710937500e+01,-5.851351928710937500e+01,-5.160076904296875000e+01,-5.160076904296875000e+01,-5.160076904296875000e+01,-6.591427612304687500e+01,-6.591427612304687500e+01,-6.591427612304687500e+01,-6.591427612304687500e+01,-5.636743927001953125e+01,-7.265194702148437500e+01,-7.265194702148437500e+01,-7.265194702148437500e+01,-7.265194702148437500e+01,-7.265194702148437500e+01,-6.354976654052734375e+01,-7.308789062500000000e+01,-7.308789062500000000e+01,-7.308789062500000000e+01,-7.308789062500000000e+01,-7.308789062500000000e+01,-7.308789062500000000e+01,-7.308789062500000000e+01,-7.308789062500000000e+01,-7.308789062500000000e+01,-7.308789062500000000e+01,-7.308789062500000000e+01,-7.308789062500000000e+01,-7.308789062500000000e+01,-7.308789062500000000e+01,-7.308789062500000000e+01,-7.308789062500000000e+01,-7.308789062500000000e+01,-7.308789062500000000e+01,-7.308789062500000000e+01,-7.308789062500000000e+01,-7.308789062500000000e+01,-5.172879028320312500e+01,-5.060159301757812500e+01,-3.946566772460937500e+01,-3.994504165649414062e+01,-4.877902984619140625e+01,-4.898669433593750000e+01,-5.568854141235351562e+01,-6.532115936279296875e+01,-6.716251373291015625e+01,-7.130207061767578125e+01,-7.287280273437500000e+01,-7.424063110351562500e+01,-7.627868652343750000e+01,-7.694296264648437500e+01,-7.773716735839843750e+01,-7.822039794921875000e+01,-7.903010559082031250e+01,-7.914326477050781250e+01,-7.927632141113281250e+01,-7.938192749023437500e+01,-7.959397888183593750e+01,-7.961708831787109375e+01,-7.962882995605468750e+01,-7.968257141113281250e+01,-7.975801086425781250e+01,-7.984169006347656250e+01,-7.985903167724609375e+01,-7.986383819580078125e+01,-7.984419250488281250e+01,-7.984808349609375000e+01,-7.987474822998046875e+01,-7.987644958496093750e+01,-7.987721252441406250e+01,-7.985589599609375000e+01,-7.986239624023437500e+01,-7.986225891113281250e+01,-7.991678619384765625e+01,-7.989111328125000000e+01,-7.986758422851562500e+01,-7.993086242675781250e+01
-7.998835754394531250e+01,-7.999516296386718750e+01,-7.999761962890625000e+01,-7.999761962890625000e+01,-7.999761962890625000e+01,-7.997402954101562500e+01,-7.917757415771484375e+01,-7.917757415771484375e+01,-7.917757415771484375e+01,-7.917757415771484375e+01,-7.917757415771484375e+01,-7.917757415771484375e+01,-7.917757415771484375e+01,-7.917757415771484375e+01,-7.917757415771484375e+01,-7.917757415771484375e+01,-7.917757415771484375e+01,-7.917757415771484375e+01,-7.917757415771484375e+01,-7.917757415771484375e+01,-7.917757415771484375e+01,-7.917757415771484375e+01,-7.917757415771484375e+01,-7.917757415771484375e+01,-7.917757415771484375e+01,-7.917757415771484375e+01,-7.917757415771484375e+01,-7.917757415771484375e+01,-7.917757415771484375e+01,-7.917757415771484375e+01,-7.917757415771484375e+01,-7.917757415771484375e+01,-7.917757415771484375e+01,-7.917757415771484375e+01,-7.917757415771484375e+01,-7.917757415771484375e+01,-7.917757415771484375e+01,-7.917757415771484375e+01,-7.917757415771484375e+01,-7.917757415771484375e+01,-7.917757415771484375e+01,-7.917757415771484375e+01,-7.917757415771484375e+01,-7.917757415771484375e+01,-7.917757415771484375e+01,-7.917757415771484375e+01,-7.917757415771484375e+01,-7.917757415771484375e+01,-7.917757415771484375e+01,-7.917757415771484375e+01,-7.917757415771484375e+01,-7.917757415771484375e+01,-7.878033447265625000e+01,-7.878033447265625000e+01,-7.878033447265625000e+01,-7.878033447265625000e+01,-7.878033447265625000e+01,-7.878033447265625000e+01,-7.878033447265625000e+01,-7.878033447265625000e+01,-7.878033447265625000e+01,-7.878033447265625000e+01,-7.878033447265625000e+01,-7.878033447265625000e+01,-7.878033447265625000e+01,-7.878033447265625000e+01,-7.878033447265625000e+01,-7.214873504638671875e+01,-7.294490051269531250e+01,-7.294490051269531250e+01,-7.294490051269531250e+01,-7.294490051269531250e+01,-7.294490051269531250e+01,-7.294490051269531250e+01,-7.294490051269531250e+01,-7.294490051269531250e+01,-7.294490051269531250e+01,-7.294490051269531250e+01,-4.931570816040039062e+01,-5.489474487304687500e+01,-5.591647720336914062e+01,-4.836529541015625000e+01,-4.836529541015625000e+01,-4.836529541015625000e+01,-4.836529541015625000e+01,-4.836529541015625000e+01,-4.836529541015625000e+01,-4.836529541015625000e+01,-4.836529541015625000e+01,-4.836529541015625000e+01,-4.836529541015625000e+01,-6.037664794921875000e+01,-6.037664794921875000e+01,-6.037664794921875000e+01,-5.015235137939453125e+01,-5.015235137939453125e+01,-5.015235137939453125e+01,-6.689472198486328125e+01,-6.689472198486328125e+01,-6.689472198486328125e+01,-6.689472198486328125e+01,-5.417212677001953125e+01,-7.072373962402343750e+01,-7.072373962402343750e+01,-7.072373962402343750e+01,-7.072373962402343750e+01,-7.072373962402343750e+01,-5.588392639160156250e+01,-6.792707824707031250e+01,-6.792707824707031250e+01,-6.792707824707031250e+01,-6.792707824707031250e+01,-6.792707824707031250e+01,-6.792707824707031250e+01,-6.792707824707031250e+01,-6.792707824707031250e+01,-6.792707824707031250e+01,-6.792707824707031250e+01,-6.792707824707031250e+01,-6.792707824707031250e+01,-6.792707824707031250e+01,-6.792707824707031250e+01,-6.792707824707031250e+01,-6.792707824707031250e+01,-6.792707824707031250e+01,-6.792707824707031250e+01,-6.792707824707031250e+01,-6.792707824707031250e+01,-6.792707824707031250e+01,-4.341905212402343750e+01,-4.443267059326171875e+01,-3.633950424194335938e+01,-3.803464889526367188e+01,-4.639038085937500000e+01,-4.618151855468750000e+01,-5.386959075927734375e+01,-6.326706695556640625e+01,-6.643553161621093750e+01,-7.085960388183593750e+01,-7.100598144531250000e+01,-7.328188323974609375e+01,-7.460922241210937500e+01,-7.612480163574218750e+01,-7.592008209228515625e+01,-7.699353027343750000e+01,-7.755532836914062500e+01,-7.821280670166015625e+01,-7.791127014160156250e+01,-7.849389648437500000e+01,-7.868541717529296875e+01,-7.893836975097656250e+01,-7.888478088378906250e+01,-7.912910461425781250e+01,-7.920492553710937500e+01,-7.949940490722656250e+01,-7.963914489746093750e+01,-7.956385803222656250e+01,-7.961167907714843750e+01,-7.955444335937500000e+01,-7.971986389160156250e+01,-7.965612030029296875e+01,-7.968604278564453125e+01,-7.957887268066406250e+01,-7.974119567871093750e+01,-7.974288940429687500e+01,-7.985301208496093750e+01,-7.986095428466796875e+01,-7.979244995117187500e+01,-7.982177734375000000e+01
-7.175070190429687500e+01,-7.915736389160156250e+01,-7.743699645996093750e+01,-7.743699645996093750e+01,-7.743699645996093750e+01,-7.915511322021484375e+01,-7.770874786376953125e+01,-7.770874786376953125e+01,-7.770874786376953125e+01,-7.770874786376953125e+01,-7.770874786376953125e+01,-7.770874786376953125e+01,-7.770874786376953125e+01,-7.770874786376953125e+01,-7.770874786376953125e+01,-7.770874786376953125e+01,-7.770874786376953125e+01,-7.770874786376953125e+01,-7.770874786376953125e+01,-7.770874786376953125e+01,-7.770874786376953125e+01,-7.770874786376953125e+01,-7.770874786376953125e+01,-7.770874786376953125e+01,-7.770874786376953125e+01,-7.770874786376953125e+01,-7.770874786376953125e+01,-7.770874786376953125e+01,-7.770874786376953125e+01,-7.770874786376953125e+01,-7.770874786376953125e+01,-7.770874786376953125e+01,-7.770874786376953125e+01,-7.770874786376953125e+01,-7.770874786376953125e+01,-7.770874786376953125e+01,-7.770874786376953125e+01,-7.770874786376953125e+01,-7.770874786376953125e+01,-7.770874786376953125e+01,-7.770874786376953125e+01,-7.770874786376953125e+01,-7.770874786376953125e+01,-7.770874786376953125e+01,-7.770874786376953125e+01,-7.770874786376953125e+01,-7.770874786376953125e+01,-7.770874786376953125e+01,-7.770874786376953125e+01,-7.770874786376953125e+01,-7.770874786376953125e+01,-7.770874786376953125e+01,-7.740574645996093750e+01,-7.740574645996093750e+01,-7.740574645996093750e+01,-7.740574645996093750e+01,-7.740574645996093750e+01,-7.740574645996093750e+01,-7.740574645996093750e+01,-7.740574645996093750e+01,-7.740574645996093750e+01,-7.740574645996093750e+01,-7.740574645996093750e+01,-7.740574645996093750e+01,-7.740574645996093750e+01,-7.740574645996093750e+01,-7.740574645996093750e+01,-6.923461914062500000e+01,-7.243320465087890625e+01,-7.243320465087890625e+01,-7.243320465087890625e+01,-7.243320465087890625e+01,-7.243320465087890625e+01,-7.243320465087890625e+01,-7.243320465087890625e+01,-7.243320465087890625e+01,-7.243320465087890625e+01,-7.243320465087890625e+01,-5.220411682128906250e+01,-6.109227752685546875e+01,-5.937182617187500000e+01,-5.317696380615234375e+01,-5.317696380615234375e+01,-5.317696380615234375e+01,-5.317696380615234375e+01,-5.317696380615234375e+01,-5.317696380615234375e+01,-5.317696380615234375e+01,-5.317696380615234375e+01,-5.317696380615234375e+01,-5.317696380615234375e+01,-6.105686187744140625e+01,-6.105686187744140625e+01,-6.105686187744140625e+01,-5.323796081542968750e+01,-5.323796081542968750e+01,-5.323796081542968750e+01,-6.497563934326171875e+01,-6.497563934326171875e+01,-6.497563934326171875e+01,-6.497563934326171875e+01,-5.629129791259765625e+01,-6.660157775878906250e+01,-6.660157775878906250e+01,-6.660157775878906250e+01,-6.660157775878906250e+01,-6.660157775878906250e+01,-5.660571289062500000e+01,-6.138057327270507812e+01,-6.138057327270507812e+01,-6.138057327270507812e+01,-6.138057327270507812e+01,-6.138057327270507812e+01,-6.138057327270507812e+01,-6.138057327270507812e+01,-6.138057327270507812e+01,-6.138057327270507812e+01,-6.138057327270507812e+01,-6.138057327270507812e+01,-6.138057327270507812e+01,-6.138057327270507812e+01,-6.138057327270507812e+01,-6.138057327270507812e+01,-6.138057327270507812e+01,-6.138057327270507812e+01,-6.138057327270507812e+01,-6.138057327270507812e+01,-6.138057327270507812e+01,-6.138057327270507812e+01,-4.350758361816406250e+01,-4.370394515991210938e+01,-3.881882476806640625e+01,-4.107144927978515625e+01,-4.486640930175781250e+01,-4.328621292114257812e+01,-4.934457778930664062e+01,-5.595792388916015625e+01,-6.087107086181640625e+01,-6.710948944091796875e+01,-6.720411682128906250e+01,-6.983883666992187500e+01,-7.206057739257812500e+01,-7.237566375732421875e+01,-7.225509643554687500e+01,-7.312315368652343750e+01,-7.480047607421875000e+01,-7.493765258789062500e+01,-7.450031280517578125e+01,-7.513748168945312500e+01,-7.647090148925781250e+01,-7.653271484375000000e+01,-7.664207458496093750e+01,-7.696017456054687500e+01,-7.785504150390625000e+01,-7.859727478027343750e+01,-7.866546630859375000e+01,-7.868126678466796875e+01,-7.843284606933593750e+01,-7.859265136718750000e+01,-7.872723388671875000e+01,-7.884136962890625000e+01,-7.873829650878906250e+01,-7.875256347656250000e+01,-7.863508605957031250e+01,-7.869497680664062500e+01,-7.875035095214843750e+01,-7.875297546386718750e+01,-7.832830047607421875e+01,-7.956605529785156250e+01
-7.996685791015625000e+01,-7.953491210937500000e+01,-7.987432861328125000e+01,-7.987432861328125000e+01,-7.987432861328125000e+01,-7.979222106933593750e+01,-7.778976440429687500e+01,-7.778976440429687500e+01,-7.778976440429687500e+01,-7.778976440429687500e+01,-7.778976440429687500e+01,-7.778976440429687500e+01,-7.778976440429687500e+01,-7.778976440429687500e+01,-7.778976440429687500e+01,-7.778976440429687500e+01,-7.778976440429687500e+01,-7.778976440429687500e+01,-7.778976440429687500e+01,-7.778976440429687500e+01,-7.778976440429687500e+01,-7.778976440429687500e+01,-7.778976440429687500e+01,-7.778976440429687500e+01,-7.778976440429687500e+01,-7.778976440429687500e+01,-7.778976440429687500e+01,-7.778976440429687500e+01,-7.778976440429687500e+01,-7.778976440429687500e+01,-7.778976440429687500e+01,-7.778976440429687500e+01,-7.778976440429687500e+01,-7.778976440429687500e+01,-7.778976440429687500e+01,-7.778976440429687500e+01,-7.778976440429687500e+01,-7.778976440429687500e+01,-7.778976440429687500e+01,-7.778976440429687500e+01,-7.778976440429687500e+01,-7.778976440429687500e+01,-7.778976440429687500e+01,-7.778976440429687500e+01,-7.778976440429687500e+01,-7.778976440429687500e+01,-7.778976440429687500e+01,-7.778976440429687500e+01,-7.778976440429687500e+01,-7.778976440429687500e+01,-7.778976440429687500e+01,-7.778976440429687500e+01,-7.724182128906250000e+01,-7.724182128906250000e+01,-7.724182128906250000e+01,-7.724182128906250000e+01,-7.724182128906250000e+01,-7.724182128906250000e+01,-7.724182128906250000e+01,-7.724182128906250000e+01,-7.724182128906250000e+01,-7.724182128906250000e+01,-7.724182128906250000e+01,-7.724182128906250000e+01,-7.724182128906250000e+01,-7.724182128906250000e+01,-7.724182128906250000e+01,-7.040882873535156250e+01,-7.045431518554687500e+01,-7.045431518554687500e+01,-7.045431518554687500e+01,-7.045431518554687500e+01,-7.045431518554687500e+01,-7.045431518554687500e+01,-7.045431518554687500e+01,-7.045431518554687500e+01,-7.045431518554687500e+01,-7.045431518554687500e+01,-4.699780654907226562e+01,-5.098871612548828125e+01,-5.201285552978515625e+01,-4.568404006958007812e+01,-4.568404006958007812e+01,-4.568404006958007812e+01,-4.568404006958007812e+01,-4.568404006958007812e+01,-4.568404006958007812e+01,-4.568404006958007812e+01,-4.568404006958007812e+01,-4.568404006958007812e+01,-4.568404006958007812e+01,-5.996914672851562500e+01,-5.996914672851562500e+01,-5.996914672851562500e+01,-5.228179931640625000e+01,-5.228179931640625000e+01,-5.228179931640625000e+01,-6.855529785156250000e+01,-6.855529785156250000e+01,-6.855529785156250000e+01,-6.855529785156250000e+01,-6.140544891357421875e+01,-7.108859252929687500e+01,-7.108859252929687500e+01,-7.108859252929687500e+01,-7.108859252929687500e+01,-7.108859252929687500e+01,-6.429338073730468750e+01,-6.763449096679687500e+01,-6.763449096679687500e+01,-6.763449096679687500e+01,-6.763449096679687500e+01,-6.763449096679687500e+01,-6.763449096679687500e+01,-6.763449096679687500e+01,-6.763449096679687500e+01,-6.763449096679687500e+01,-6.763449096679687500e+01,-6.763449096679687500e+01,-6.763449096679687500e+01,-6.763449096679687500e+01,-6.763449096679687500e+01,-6.763449096679687500e+01,-6.763449096679687500e+01,-6.763449096679687500e+01,-6.763449096679687500e+01,-6.763449096679687500e+01,-6.763449096679687500e+01,-6.763449096679687500e+01,-5.230076217651367188e+01,-4.641398620605468750e+01,-4.308189392089843750e+01,-4.342185974121093750e+01,-4.782679367065429688e+01,-4.768679046630859375e+01,-5.247478103637695312e+01,-5.951696777343750000e+01,-6.282586669921875000e+01,-6.671750640869140625e+01,-6.680751800537109375e+01,-6.908644866943359375e+01,-7.081144714355468750e+01,-7.220246887207031250e+01,-7.133777618408203125e+01,-7.283325195312500000e+01,-7.386486053466796875e+01,-7.454222106933593750e+01,-7.356326293945312500e+01,-7.515094757080078125e+01,-7.605867004394531250e+01,-7.642511749267578125e+01,-7.640784454345703125e+01,-7.706919097900390625e+01,-7.746272277832031250e+01,-7.794487762451171875e+01,-7.803489685058593750e+01,-7.812209320068359375e+01,-7.790493774414062500e+01,-7.824006652832031250e+01,-7.839839172363281250e+01,-7.836407470703125000e+01,-7.842587280273437500e+01,-7.838036346435546875e+01,-7.825088500976562500e+01,-7.846360778808593750e+01,-7.848326873779296875e+01,-7.879862213134765625e+01,-7.847998046875000000e+01,-7.935305786132812500e+01
-7.999728393554687500e+01,-7.994880676269531250e+01,-7.922975921630859375e+01,-7.922975921630859375e+01,-7.922975921630859375e+01,-7.705418395996093750e+01,-7.883829498291015625e+01,-7.883829498291015625e+01,-7.883829498291015625e+01,-7.883829498291015625e+01,-7.883829498291015625e+01,-7.883829498291015625e+01,-7.883829498291015625e+01,-7.883829498291015625e+01,-7.883829498291015625e+01,-7.883829498291015625e+01,-7.883829498291015625e+01,-7.883829498291015625e+01,-7.883829498291015625e+01,-7.883829498291015625e+01,-7.883829498291015625e+01,-7.883829498291015625e+01,-7.883829498291015625e+01,-7.883829498291015625e+01,-7.883829498291015625e+01,-7.883829498291015625e+01,-7.883829498291015625e+01,-7.883829498291015625e+01,-7.883829498291015625e+01,-7.883829498291015625e+01,-7.883829498291015625e+01,-7.883829498291015625e+01,-7.883829498291015625e+01,-7.883829498291015625e+01,-7.883829498291015625e+01,-7.883829498291015625e+01,-7.883829498291015625e+01,-7.883829498291015625e+01,-7.883829498291015625e+01,-7.883829498291015625e+01,-7.883829498291015625e+01,-7.883829498291015625e+01,-7.883829498291015625e+01,-7.883829498291015625e+01,-7.883829498291015625e+01,-7.883829498291015625e+01,-7.883829498291015625e+01,-7.883829498291015625e+01,-7.883829498291015625e+01,-7.883829498291015625e+01,-7.883829498291015625e+01,-7.883829498291015625e+01,-7.749096679687500000e+01,-7.749096679687500000e+01,-7.749096679687500000e+01,-7.749096679687500000e+01,-7.749096679687500000e+01,-7.749096679687500000e+01,-7.749096679687500000e+01,-7.749096679687500000e+01,-7.749096679687500000e+01,-7.749096679687500000e+01,-7.749096679687500000e+01,-7.749096679687500000e+01,-7.749096679687500000e+01,-7.749096679687500000e+01,-7.749096679687500000e+01,-7.070133209228515625e+01,-7.020492553710937500e+01,-7.020492553710937500e+01,-7.020492553710937500e+01,-7.020492553710937500e+01,-7.020492553710937500e+01,-7.020492553710937500e+01,-7.020492553710937500e+01,-7.020492553710937500e+01,-7.020492553710937500e+01,-7.020492553710937500e+01,-5.117955017089843750e+01,-5.147326278686523438e+01,-5.451356506347656250e+01,-4.845162963867187500e+01,-4.845162963867187500e+01,-4.845162963867187500e+01,-4.845162963867187500e+01,-4.845162963867187500e+01,-4.845162963867187500e+01,-4.845162963867187500e+01,-4.845162963867187500e+01,-4.845162963867187500e+01,-4.845162963867187500e+01,-5.978953933715820312e+01,-5.978953933715820312e+01,-5.978953933715820312e+01,-5.907165527343750000e+01,-5.907165527343750000e+01,-5.907165527343750000e+01,-6.901089477539062500e+01,-6.901089477539062500e+01,-6.901089477539062500e+01,-6.901089477539062500e+01,-6.819732666015625000e+01,-7.358708190917968750e+01,-7.358708190917968750e+01,-7.358708190917968750e+01,-7.358708190917968750e+01,-7.358708190917968750e+01,-6.998782348632812500e+01,-7.188338470458984375e+01,-7.188338470458984375e+01,-7.188338470458984375e+01,-7.188338470458984375e+01,-7.188338470458984375e+01,-7.188338470458984375e+01,-7.188338470458984375e+01,-7.188338470458984375e+01,-7.188338470458984375e+01,-7.188338470458984375e+01,-7.188338470458984375e+01,-7.188338470458984375e+01,-7.188338470458984375e+01,-7.188338470458984375e+01,-7.188338470458984375e+01,-7.188338470458984375e+01,-7.188338470458984375e+01,-7.188338470458984375e+01,-7.188338470458984375e+01,-7.188338470458984375e+01,-7.188338470458984375e+01,-5.313259887695312500e+01,-5.085251235961914062e+01,-4.150237274169921875e+01,-4.432577514648437500e+01,-4.929138565063476562e+01,-5.231840133666992188e+01,-5.610414886474609375e+01,-6.708145141601562500e+01,-6.881249237060546875e+01,-7.335774993896484375e+01,-7.441429138183593750e+01,-7.579640197753906250e+01,-7.720330810546875000e+01,-7.760667419433593750e+01,-7.767747497558593750e+01,-7.820759582519531250e+01,-7.871610260009765625e+01,-7.884954071044921875e+01,-7.869744873046875000e+01,-7.903870391845703125e+01,-7.930690002441406250e+01,-7.938967895507812500e+01,-7.939030456542968750e+01,-7.955119323730468750e+01,-7.966238403320312500e+01,-7.979685974121093750e+01,-7.982086944580078125e+01,-7.980920410156250000e+01,-7.979012298583984375e+01,-7.977387237548828125e+01,-7.982563781738281250e+01,-7.981071472167968750e+01,-7.981903076171875000e+01,-7.979542541503906250e+01,-7.981008911132812500e+01,-7.984593200683593750e+01,-7.984408569335937500e+01,-7.986386108398437500e+01,-7.983319854736328125e+01,-7.987313079833984375e+01
-7.999533081054687500e+01,-7.995085144042968750e+01,-7.999059295654296875e+01,-7.999059295654296875e+01,-7.999059295654296875e+01,-7.997924804687500000e+01,-7.964690399169921875e+01,-7.964690399169921875e+01,-7.964690399169921875e+01,-7.964690399169921875e+01,-7.964690399169921875e+01,-7.964690399169921875e+01,-7.964690399169921875e+01,-7.964690399169921875e+01,-7.964690399169921875e+01,-7.964690399169921875e+01,-7.964690399169921875e+01,-7.964690399169921875e+01,-7.964690399169921875e+01,-7.964690399169921875e+01,-7.964690399169921875e+01,-7.964690399169921875e+01,-7.964690399169921875e+01,-7.964690399169921875e+01,-7.964690399169921875e+01,-7.964690399169921875e+01,-7.964690399169921875e+01,-7.964690399169921875e+01,-7.964690399169921875e+01,-7.964690399169921875e+01,-7.964690399169921875e+01,-7.964690399169921875e+01,-7.964690399169921875e+01,-7.964690399169921875e+01,-7.964690399169921875e+01,-7.964690399169921875e+01,-7.964690399169921875e+01,-7.964690399169921875e+01,-7.964690399169921875e+01,-7.964690399169921875e+01,-7.964690399169921875e+01,-7.964690399169921875e+01,-7.964690399169921875e+01,-7.964690399169921875e+01,-7.964690399169921875e+01,-7.964690399169921875e+01,-7.964690399169921875e+01,-7.964690399169921875e+01,-7.964690399169921875e+01,-7.964690399169921875e+01,-7.964690399169921875e+01,-7.964690399169921875e+01,-7.955209350585937500e+01,-7.955209350585937500e+01,-7.955209350585937500e+01,-7.955209350585937500e+01,-7.955209350585937500e+01,-7.955209350585937500e+01,-7.955209350585937500e+01,-7.955209350585937500e+01,-7.955209350585937500e+01,-7.955209350585937500e+01,-7.955209350585937500e+01,-7.955209350585937500e+01,-7.955209350585937500e+01,-7.955209350585937500e+01,-7.955209350585937500e+01,-7.319892883300781250e+01,-7.471952819824218750e+01,-7.471952819824218750e+01,-7.471952819824218750e+01,-7.471952819824218750e+01,-7.471952819824218750e+01,-7.471952819824218750e+01,-7.471952819824218750e+01,-7.471952819824218750e+01,-7.471952819824218750e+01,-7.471952819824218750e+01,-5.556576919555664062e+01,-5.968804168701171875e+01,-5.941290283203125000e+01,-5.021748352050781250e+01,-5.021748352050781250e+01,-5.021748352050781250e+01,-5.021748352050781250e+01,-5.021748352050781250e+01,-5.021748352050781250e+01,-5.021748352050781250e+01,-5.021748352050781250e+01,-5.021748352050781250e+01,-5.021748352050781250e+01,-6.375599288940429688e+01,-6.375599288940429688e+01,-6.375599288940429688e+01,-5.572930526733398438e+01,-5.572930526733398438e+01,-5.572930526733398438e+01,-7.179287719726562500e+01,-7.179287719726562500e+01,-7.179287719726562500e+01,-7.179287719726562500e+01,-6.815940856933593750e+01,-7.643097686767578125e+01,-7.643097686767578125e+01,-7.643097686767578125e+01,-7.643097686767578125e+01,-7.643097686767578125e+01,-7.387799072265625000e+01,-7.515605163574218750e+01,-7.515605163574218750e+01,-7.515605163574218750e+01,-7.515605163574218750e+01,-7.515605163574218750e+01,-7.515605163574218750e+01,-7.515605163574218750e+01,-7.515605163574218750e+01,-7.515605163574218750e+01,-7.515605163574218750e+01,-7.515605163574218750e+01,-7.515605163574218750e+01,-7.515605163574218750e+01,-7.515605163574218750e+01,-7.515605163574218750e+01,-7.515605163574218750e+01,-7.515605163574218750e+01,-7.515605163574218750e+01,-7.515605163574218750e+01,-7.515605163574218750e+01,-7.515605163574218750e+01,-6.196075439453125000e+01,-5.669893646240234375e+01,-4.753459167480468750e+01,-4.730807876586914062e+01,-5.366350173950195312e+01,-5.388106536865234375e+01,-6.102253723144531250e+01,-6.929082489013671875e+01,-7.212135314941406250e+01,-7.536740112304687500e+01,-7.561656951904296875e+01,-7.702166748046875000e+01,-7.801416015625000000e+01,-7.858433532714843750e+01,-7.852283477783203125e+01,-7.903263854980468750e+01,-7.934565734863281250e+01,-7.948104095458984375e+01,-7.942623901367187500e+01,-7.960121154785156250e+01,-7.974639129638671875e+01,-7.976942443847656250e+01,-7.978219604492187500e+01,-7.983224487304687500e+01,-7.988406372070312500e+01,-7.993437957763671875e+01,-7.993902587890625000e+01,-7.994229125976562500e+01,-7.993716430664062500e+01,-7.994947052001953125e+01,-7.995451354980468750e+01,-7.995391845703125000e+01,-7.995339965820312500e+01,-7.995782470703125000e+01,-7.995372009277343750e+01,-7.995564270019531250e+01,-7.996458435058593750e+01,-7.996562194824218750e+01,-7.995496368408203125e+01,-7.998435974121093750e+01
-7.936808776855468750e+01,-7.995515441894531250e+01,-7.991706848144531250e+01,-7.991706848144531250e+01,-7.991706848144531250e+01,-7.798042297363281250e+01,-7.887201690673828125e+01,-7.887201690673828125e+01,-7.887201690673828125e+01,-7.887201690673828125e+01,-7.887201690673828125e+01,-7.887201690673828125e+01,-7.887201690673828125e+01,-7.887201690673828125e+01,-7.887201690673828125e+01,-7.887201690673828125e+01,-7.887201690673828125e+01,-7.887201690673828125e+01,-7.887201690673828125e+01,-7.887201690673828125e+01,-7.887201690673828125e+01,-7.887201690673828125e+01,-7.887201690673828125e+01,-7.887201690673828125e+01,-7.887201690673828125e+01,-7.887201690673828125e+01,-7.887201690673828125e+01,-7.887201690673828125e+01,-7.887201690673828125e+01,-7.887201690673828125e+01,-7.887201690673828125e+01,-7.887201690673828125e+01,-7.887201690673828125e+01,-7.887201690673828125e+01,-7.887201690673828125e+01,-7.887201690673828125e+01,-7.887201690673828125e+01,-7.887201690673828125e+01,-7.887201690673828125e+01,-7.887201690673828125e+01,-7.887201690673828125e+01,-7.887201690673828125e+01,-7.887201690673828125e+01,-7.887201690673828125e+01,-7.887201690673828125e+01,-7.887201690673828125e+01,-7.887201690673828125e+01,-7.887201690673828125e+01,-7.887201690673828125e+01,-7.887201690673828125e+01,-7.887201690673828125e+01,-7.887201690673828125e+01,-7.832019042968750000e+01,-7.832019042968750000e+01,-7.832019042968750000e+01,-7.832019042968750000e+01,-7.832019042968750000e+01,-7.832019042968750000e+01,-7.832019042968750000e+01,-7.832019042968750000e+01,-7.832019042968750000e+01,-7.832019042968750000e+01,-7.832019042968750000e+01,-7.832019042968750000e+01,-7.832019042968750000e+01,-7.832019042968750000e+01,-7.832019042968750000e+01,-7.860350036621093750e+01,-7.797724151611328125e+01,-7.797724151611328125e+01,-7.797724151611328125e+01,-7.797724151611328125e+01,-7.797724151611328125e+01,-7.797724151611328125e+01,-7.797724151611328125e+01,-7.797724151611328125e+01,-7.797724151611328125e+01,-7.797724151611328125e+01,-7.094663238525390625e+01,-7.140606689453125000e+01,-7.322586059570312500e+01,-7.489835357666015625e+01,-7.489835357666015625e+01,-7.489835357666015625e+01,-7.489835357666015625e+01,-7.489835357666015625e+01,-7.489835357666015625e+01,-7.489835357666015625e+01,-7.489835357666015625e+01,-7.489835357666015625e+01,-7.489835357666015625e+01,-7.516677093505859375e+01,-7.516677093505859375e+01,-7.516677093505859375e+01,-7.621974182128906250e+01,-7.621974182128906250e+01,-7.621974182128906250e+01,-7.520932006835937500e+01,-7.520932006835937500e+01,-7.520932006835937500e+01,-7.520932006835937500e+01,-7.573634338378906250e+01,-7.222264862060546875e+01,-7.222264862060546875e+01,-7.222264862060546875e+01,-7.222264862060546875e+01,-7.222264862060546875e+01,-7.119389343261718750e+01,-6.217330932617187500e+01,-6.217330932617187500e+01,-6.217330932617187500e+01,-6.217330932617187500e+01,-6.217330932617187500e+01,-6.217330932617187500e+01,-6.217330932617187500e+01,-6.217330932617187500e+01,-6.217330932617187500e+01,-6.217330932617187500e+01,-6.217330932617187500e+01,-6.217330932617187500e+01,-6.217330932617187500e+01,-6.217330932617187500e+01,-6.217330932617187500e+01,-6.217330932617187500e+01,-6.217330932617187500e+01,-6.217330932617187500e+01,-6.217330932617187500e+01,-6.217330932617187500e+01,-6.217330932617187500e+01,-5.652352523803710938e+01,-4.198781967163085938e+01,-4.261586761474609375e+01,-4.425590515136718750e+01,-5.051419067382812500e+01,-5.440847015380859375e+01,-5.814289855957031250e+01,-6.850924682617187500e+01,-6.959162902832031250e+01,-7.175527954101562500e+01,-7.265487670898437500e+01,-7.332102966308593750e+01,-7.448439025878906250e+01,-7.471018981933593750e+01,-7.463344573974609375e+01,-7.495341491699218750e+01,-7.509231567382812500e+01,-7.516665649414062500e+01,-7.487832641601562500e+01,-7.538426971435546875e+01,-7.609767150878906250e+01,-7.612084960937500000e+01,-7.636483764648437500e+01,-7.664492034912109375e+01,-7.718572998046875000e+01,-7.759484100341796875e+01,-7.761447143554687500e+01,-7.766406250000000000e+01,-7.756182861328125000e+01,-7.785559082031250000e+01,-7.769841766357421875e+01,-7.769620513916015625e+01,-7.773993682861328125e+01,-7.791075134277343750e+01,-7.743570709228515625e+01,-7.789662170410156250e+01,-7.798286437988281250e+01,-7.813644409179687500e+01,-7.844967651367187500e+01,-7.903840637207031250e+01
