0.000000,0.000000,338.805725,338.805725,412.248810,454.187164,410.721649,496.292267,473.228210,479.276245,434.810059,435.975708,427.301331,462.431671,531.347534,422.739044,359.352173,457.450592,457.450592,439.075989,415.822601,547.806580,368.144135,347.153656,367.733734,394.791962,421.043091,440.519714,427.465454,399.545563,435.111542,458.017944,458.017944
0.000000,0.000000,338.805725,338.805725,412.248810,454.187164,410.721649,496.292267,473.228210,479.276245,434.810059,435.975708,427.301331,462.431671,531.347534,422.739044,359.352173,457.450592,457.450592,439.075989,415.822601,547.806580,368.144135,347.153656,367.733734,394.791962,421.043091,440.519714,427.465454,399.545563,435.111542,458.017944,458.017944
338.805725,338.805725,0.000000,0.000000,376.671783,448.020691,290.773895,459.324799,491.762421,406.469971,444.990173,398.346222,414.751587,423.559570,525.931519,463.411530,368.489990,498.198486,498.198486,439.904602,422.383301,529.953796,375.299225,307.440918,373.025970,274.907074,479.741333,418.675232,401.757874,430.082184,491.114258,471.754730,471.754730
338.805725,338.805725,0.000000,0.000000,376.671783,448.020691,290.773895,459.324799,491.762421,406.469971,444.990173,398.346222,414.751587,423.559570,525.931519,463.411530,368.489990,498.198486,498.198486,439.904602,422.383301,529.953796,375.299225,307.440918,373.025970,274.907074,479.741333,418.675232,401.757874,430.082184,491.114258,471.754730,471.754730
412.248810,412.248810,376.671783,376.671783,0.000000,405.312347,260.246674,391.942841,335.297943,390.335449,265.785797,207.739075,203.187790,324.108948,366.409637,396.658203,270.267548,357.373871,357.373871,245.412170,261.094910,526.185425,243.210770,219.095490,260.206970,314.141022,336.646362,385.240540,353.275513,356.468262,397.146637,276.859802,276.859802
454.187164,454.187164,448.020691,448.020691,405.312347,0.000000,400.571747,328.457245,286.850800,563.181702,310.819855,332.750244,497.741241,322.149536,249.398712,447.398499,393.615479,290.833801,290.833801,371.808594,397.185120,348.625732,392.183960,372.430939,291.715729,392.415192,453.326233,366.706329,388.255432,441.482422,412.356049,295.446350,295.446350
410.721649,410.721649,290.773895,290.773895,260.246674,400.571747,0.000000,415.011444,412.624084,397.917419,368.129669,301.932587,315.208069,380.564850,435.321503,437.404358,331.851654,437.833527,437.833527,383.363708,355.223114,506.489166,355.876099,255.253067,315.106537,200.808044,425.831451,437.673859,291.363007,408.892456,441.715332,372.609924,372.609924
496.292267,496.292267,459.324799,459.324799,391.942841,328.457245,415.011444,0.000000,303.566589,569.154724,305.009918,315.710327,489.131195,299.000519,337.035278,550.105530,439.583130,329.053009,329.053009,355.261139,394.713928,287.854065,383.041656,406.485077,285.858978,423.785980,498.952911,443.972595,428.063660,526.294067,466.754456,351.208923,351.208923
473.228210,473.228210,491.762421,491.762421,335.297943,286.850800,412.624084,303.566589,0.000000,549.351807,220.700790,256.710938,430.776489,311.663544,238.022659,462.946289,367.737732,243.531052,243.531052,289.351807,388.021301,359.142609,340.632172,375.381775,234.276169,453.981873,439.710510,372.181641,410.456238,434.047241,433.044678,289.013306,289.013306
479.276245,479.276245,406.469971,406.469971,390.335449,563.181702,397.917419,569.154724,549.351807,0.000000,494.108612,469.169342,360.234436,495.992401,566.592590,391.939301,375.633087,535.373413,535.373413,468.861755,372.667938,652.582214,380.617920,367.913269,459.861328,386.781464,408.471985,539.744080,486.624634,381.599274,545.366699,466.547638,466.547638
434.810059,434.810059,444.990173,444.990173,265.785797,310.819855,368.129669,305.009918,220.700790,494.108612,0.000000,202.100723,347.876495,228.905045,249.799042,412.089233,303.581360,207.111023,207.111023,217.771286,310.413849,424.603577,250.105515,319.867859,203.241669,410.707855,384.580017,342.447998,400.346130,383.906403,365.112457,243.523575,243.523575
435.975708,435.975708,398.346222,398.346222,207.739075,332.750244,301.932587,315.710327,256.710938,469.169342,202.100723,0.000000,344.252289,245.611008,284.852142,437.336578,319.849518,294.079895,294.079895,247.236832,289.183563,453.959991,277.369629,281.298035,183.232468,366.355530,394.141541,313.274170,374.404541,409.245148,407.853149,291.197021,291.197021
427.301331,427.301331,414.751587,414.751587,203.187790,497.741241,315.208069,489.131195,430.776489,360.234436,347.876495,344.252289,0.000000,409.643127,443.996674,373.940002,264.145874,425.959839,425.959839,316.556122,267.703430,603.874390,282.078918,269.625427,359.809418,323.932709,316.299591,465.429565,428.325958,329.949615,435.220612,326.421661,326.421661
462.431671,462.431671,423.559570,423.559570,324.108948,322.149536,380.564850,299.000519,311.663544,495.992401,228.905045,245.611008,409.643127,0.000000,309.396606,462.112366,335.356781,287.070892,287.070892,233.312622,347.806488,413.525360,292.619568,321.955292,224.983994,395.274261,446.278442,298.121918,408.370117,423.686584,399.712097,335.409058,335.409058
531.347534,531.347534,525.931519,525.931519,366.409637,249.398712,435.321503,337.035278,238.022659,566.592590,249.799042,284.852142,443.996674,309.396606,0.000000,459.254059,395.759674,266.604919,266.604919,348.551575,383.210419,426.736267,374.972809,398.328186,306.402222,480.419281,437.593353,323.331604,439.462341,439.805145,430.811493,301.019318,301.019318
422.739044,422.739044,463.411530,463.411530,396.658203,447.398499,437.404358,550.105530,462.946289,391.939301,412.089233,437.336578,373.940002,462.112366,459.254059,0.000000,343.377045,411.414978,411.414978,410.508667,378.574219,632.319885,345.172180,401.831085,409.863525,435.157074,229.136261,470.959625,522.893982,173.222885,399.068298,426.079529,426.079529
359.352173,359.352173,368.489990,368.489990,270.267548,393.615479,331.851654,439.583130,367.737732,375.633087,303.581360,319.849518,264.145874,335.356781,395.759674,343.377045,0.000000,354.735687,354.735687,298.355133,223.273041,502.545898,267.693573,218.323853,283.017212,303.045502,334.588104,350.192810,360.895264,291.635986,354.716705,330.744202,330.744202
457.450592,457.450592,498.198486,498.198486,357.373871,290.833801,437.833527,329.053009,243.531052,535.373413,207.111023,294.079895,425.959839,287.070892,266.604919,411.414978,354.735687,0.000000,0.000000,299.644562,358.680389,392.169281,320.609497,380.220917,264.912659,456.928223,407.487457,372.304504,450.167542,390.563751,380.752533,257.683197,257.683197
457.450592,457.450592,498.198486,498.198486,357.373871,290.833801,437.833527,329.053009,243.531052,535.373413,207.111023,294.079895,425.959839,287.070892,266.604919,411.414978,354.735687,0.000000,0.000000,299.644562,358.680389,392.169281,320.609497,380.220917,264.912659,456.928223,407.487457,372.304504,450.167542,390.563751,380.752533,257.683197,257.683197
439.075989,439.075989,439.904602,439.904602,245.412170,371.808594,383.363708,355.261139,289.351807,468.861755,217.771286,247.236832,316.556122,233.312622,348.551575,410.508667,298.355133,299.644562,299.644562,0.000000,330.314484,466.398071,244.398758,316.125763,215.649185,413.118530,379.349518,347.660706,415.698212,370.233887,386.034210,315.669434,315.669434
415.822601,415.822601,422.383301,422.383301,261.094910,397.185120,355.223114,394.713928,388.021301,372.667938,310.413849,289.183563,267.703430,347.806488,383.210419,378.574219,223.273041,358.680389,358.680389,330.314484,0.000000,518.866943,261.380646,272.891937,299.134186,323.414032,316.987213,430.063171,421.037903,356.006805,388.412537,292.281403,292.281403
547.806580,547.806580,529.953796,529.953796,526.185425,348.625732,506.489166,287.854065,359.142609,652.582214,424.603577,453.959991,603.874390,413.525360,426.736267,632.319885,502.545898,392.169281,392.169281,466.398071,518.866943,0.000000,508.573059,487.910522,411.961517,486.291077,612.590942,505.715668,464.231903,602.064331,552.605591,405.702026,405.702026
368.144135,368.144135,375.299225,375.299225,243.210770,392.183960,355.876099,383.041656,340.632172,380.617920,250.105515,277.369629,282.078918,292.619568,374.972809,345.172180,267.693573,320.609497,320.609497,244.398758,261.380646,508.573059,0.000000,288.378143,255.108856,356.448212,293.930908,363.743896,424.579376,305.200409,398.075806,304.881409,304.881409
347.153656,347.153656,307.440918,307.440918,219.095490,372.430939,255.253067,406.485077,375.381775,367.913269,319.867859,281.298035,269.625427,321.955292,398.328186,401.831085,218.323853,380.220917,380.220917,316.125763,272.891937,487.910522,288.378143,0.000000,262.154297,225.881256,389.658813,352.960876,318.804291,372.181702,377.139496,330.094391,330.094391
367.733734,367.733734,373.025970,373.025970,260.206970,291.715729,315.106537,285.858978,234.276169,459.861328,203.241669,183.232468,359.809418,224.983994,306.402222,409.863525,283.017212,264.912659,264.912659,215.649185,299.134186,411.961517,255.108856,262.154297,0.000000,337.863342,387.023834,327.861145,359.612854,373.504974,361.411102,287.004730,287.004730
394.791962,394.791962,274.907074,274.907074,314.141022,392.415192,200.808044,423.785980,453.981873,386.781464,410.707855,366.355530,323.932709,395.274261,480.419281,435.157074,303.045502,456.928223,456.928223,413.118530,323.414032,486.291077,356.448212,225.881256,337.863342,0.000000,430.874298,452.719055,350.949219,416.770386,447.513245,408.055237,408.055237
421.043091,421.043091,479.741333,479.741333,336.646362,453.326233,425.831451,498.952911,439.710510,408.471985,384.580017,394.141541,316.299591,446.278442,437.593353,229.136261,334.588104,407.487457,407.487457,379.349518,316.987213,612.590942,293.930908,389.658813,387.023834,430.874298,0.000000,464.156525,500.484894,225.799881,347.410400,384.207520,384.207520
440.519714,440.519714,418.675232,418.675232,385.240540,366.706329,437.673859,443.972595,372.181641,539.744080,342.447998,313.274170,465.429565,298.121918,323.331604,470.959625,350.192810,372.304504,372.304504,347.660706,430.063171,505.715668,363.743896,352.960876,327.861145,452.719055,464.156525,0.000000,401.533295,422.929901,436.547668,437.938477,437.938477
427.465454,427.465454,401.757874,401.757874,353.275513,388.255432,291.363007,428.063660,410.456238,486.624634,400.346130,374.404541,428.325958,408.370117,439.462341,522.893982,360.895264,450.167542,450.167542,415.698212,421.037903,464.231903,424.579376,318.804291,359.612854,350.949219,500.484894,401.533295,0.000000,491.238617,382.227081,396.176208,396.176208
399.545563,399.545563,430.082184,430.082184,356.468262,441.482422,408.892456,526.294067,434.047241,381.599274,383.906403,409.245148,329.949615,423.686584,439.805145,173.222885,291.635986,390.563751,390.563751,370.233887,356.006805,602.064331,305.200409,372.181702,373.504974,416.770386,225.799881,422.929901,491.238617,0.000000,405.427582,408.907990,408.907990
435.111542,435.111542,491.114258,491.114258,397.146637,412.356049,441.715332,466.754456,433.044678,545.366699,365.112457,407.853149,435.220612,399.712097,430.811493,399.068298,354.716705,380.752533,380.752533,386.034210,388.412537,552.605591,398.075806,377.139496,361.411102,447.513245,347.410400,436.547668,382.227081,405.427582,0.000000,375.254089,375.254089
458.017944,458.017944,471.754730,471.754730,276.859802,295.446350,372.609924,351.208923,289.013306,466.547638,243.523575,291.197021,326.421661,335.409058,301.019318,426.079529,330.744202,257.683197,257.683197,315.669434,292.281403,405.702026,304.881409,330.094391,287.004730,408.055237,384.207520,437.938477,396.176208,408.907990,375.254089,0.000000,0.000000
458.017944,458.017944,471.754730,471.754730,276.859802,295.446350,372.609924,351.208923,289.013306,466.547638,243.523575,291.197021,326.421661,335.409058,301.019318,426.079529,330.744202,257.683197,257.683197,315.669434,292.281403,405.702026,304.881409,330.094391,287.004730,408.055237,384.207520,437.938477,396.176208,408.907990,375.254089,0.000000,0.000000
